  2.7013254e-008  2.6528711e-008
  9.9981534e-001 -2.0397703e-019
 -5.9574770e-020  9.9982725e-001
 -3.5871685e-009  3.6357691e-011
 -9.0846547e-017 -9.3310686e-017
  3.5536189e-011 -3.5360254e-009
  4.4533809e-004  8.4746594e-021
  4.0365854e-017 -1.3085332e-003
 -1.3082181e-003 -3.9363392e-017
  2.8343900e-021  4.4463317e-004
  7.4019566e-011 -2.9789861e-013
  4.0119957e-018  7.7701147e-019
 -2.1236853e-012 -2.1585910e-012
  1.2321005e-018  1.0034201e-018
 -3.0147576e-013  7.3098499e-011
  3.2032869e-007 -1.0788696e-022
 -5.1831365e-019  9.8592673e-007
  1.2798275e-006  6.9980690e-019
 -5.1016357e-019  1.3014432e-006
  9.8403622e-007  1.1254210e-019
 -3.5949145e-023  3.2804819e-007
 -5.1776405e-013  2.0463330e-015
 -3.2967917e-020  3.2865125e-021
  3.9492871e-014 -5.0315917e-015
 -1.9426317e-020 -6.3102244e-021
 -4.9191366e-015  3.9962450e-014
 -6.6769805e-021 -4.4312226e-021
  2.0753136e-015 -5.1196641e-013
  8.9430957e-010  5.5960447e-025
  1.8305673e-021 -1.3426683e-010
 -8.8848403e-010 -2.7187339e-021
  4.1576221e-021 -5.8522248e-009
 -5.7563244e-009 -2.8849172e-021
  2.2334226e-021 -1.0110066e-009
 -1.2422657e-010  1.1238731e-022
  1.8478866e-025  8.5428161e-010
  1.4406940e-015 -3.9217675e-018
  8.4452230e-023 -1.5284887e-023
 -1.8717364e-016 -2.5542660e-018
  9.3521117e-023  1.7184413e-023
  3.6434306e-017  3.6862931e-017
  3.0972844e-023  1.0081573e-023
 -2.9037439e-018 -1.8933694e-016
  1.6324696e-023  1.2058555e-023
 -3.9932658e-018  1.4259366e-015
 -2.0322812e-012 -1.2631464e-027
 -2.4106979e-024 -1.3282624e-012
  1.7893956e-013  2.4592790e-024
 -1.0295231e-023  6.5980035e-012
  4.6814933e-012  1.2831790e-023
 -8.5890350e-024  5.0941836e-012
  6.4893530e-012 -1.3810172e-024
 -4.4398520e-024  3.5400336e-013
 -1.3637369e-012  1.0283967e-024
 -4.1359092e-028 -1.9269481e-012
 -1.3755976e-018  2.3823226e-021
 -6.5893839e-026  1.7304890e-026
  2.5185278e-019  3.6767951e-021
 -1.1886676e-025 -1.1069876e-026
 -6.1484607e-020  1.6031312e-021
 -5.5865146e-026 -2.5048328e-026
  1.5492143e-021 -6.2592718e-020
 -1.8364078e-026  5.1913153e-027
  4.0837987e-021  2.5503733e-019
 -1.4695025e-026 -1.4415797e-026
  2.4429761e-021 -1.3625676e-018
  5.5505900e-015  1.0314999e-030
  1.2282198e-027  2.1233501e-015
 -7.9110435e-015  9.6910549e-028
  7.2424887e-027 -2.7018444e-015
  7.5288676e-015 -1.2812695e-026
  9.6617571e-027 -9.2843247e-015
 -9.0150708e-015 -4.5371487e-027
  6.0486100e-027  7.0666292e-015
 -2.6988314e-015  4.9951029e-027
  3.2568937e-027 -7.9031676e-015
  2.1664567e-015 -2.6890737e-027
  3.3535557e-031  5.4437262e-015
