  1.6559190e-010  1.8171530e-011
  9.9971354e-001 -8.8806126e-019
  5.7099984e-019  9.9914792e-001
 -2.2379372e-009  1.2965796e-011
 -3.5165026e-017  5.5341717e-015
  1.8329087e-010 -1.0623835e-010
  1.4936989e-002  7.9744527e-019
  2.6069616e-016  1.3755419e-003
 -4.5858093e-002 -1.0406986e-016
 -1.7911154e-018  2.2899604e-003
  1.3866796e-009 -4.0861933e-012
  1.9565697e-016  1.2088546e-016
 -2.3459817e-010 -2.8005581e-012
  2.7742706e-017 -3.8416017e-016
 -9.6069880e-011  7.1437951e-011
 -5.5268075e-004 -1.6947526e-019
 -3.3459341e-017 -1.5876261e-003
  5.1375135e-004  9.7431642e-017
 -1.4419892e-016  4.6038219e-004
  5.0632396e-004  1.1904650e-017
  7.2267495e-019 -5.5268796e-006
 -2.3224922e-010  4.7396586e-013
 -2.8965556e-017 -2.3032515e-017
  1.1435976e-010 -2.1292135e-013
 -1.8283105e-017 -1.1442274e-017
 -2.9705336e-011  1.7826684e-012
 -1.0406179e-017  4.6491225e-017
  2.6827358e-011 -1.6072164e-011
  1.6336982e-004  1.4872852e-020
  4.1904942e-018  2.4365333e-004
 -4.0706767e-005 -2.2335916e-017
  6.1574635e-018 -1.3477884e-004
 -7.0252050e-005  1.4319677e-017
  3.1102548e-017  3.7427412e-005
 -1.2995906e-005 -9.2565740e-018
 -1.1655310e-019 -3.3506714e-006
  1.3960134e-011 -2.1698362e-014
  1.3617850e-018  3.1714764e-019
 -1.2983695e-011  4.9103036e-015
  2.0385403e-018  1.8987318e-018
  6.7047369e-012  3.3910152e-014
 -1.9637652e-020  1.7738883e-018
  1.4865267e-013 -2.6689153e-013
  1.2328912e-018 -5.4991313e-018
 -2.6977237e-012  1.4245497e-012
 -1.0828725e-005 -5.6953196e-022
 -3.1471160e-019 -1.5253811e-005
  6.3535466e-006  1.4161358e-018
 -2.3425744e-019  1.6693088e-005
 -2.6388859e-006 -1.2765591e-018
 -2.1307487e-019 -1.0429206e-005
  3.1533226e-006  1.0439041e-018
 -2.9213337e-018  2.8913058e-006
  2.9246344e-007 -3.3638064e-019
  8.1831330e-021 -2.8660818e-007
 -2.7135889e-013  3.4712611e-016
 -2.3472933e-020 -5.0007194e-021
  3.9324564e-013 -1.9705568e-016
 -3.3319564e-020 -3.6010891e-020
 -4.0740058e-013  3.9255790e-016
 -4.7045616e-020 -6.6837950e-020
  3.2474750e-013 -2.3542387e-015
  2.8539522e-020  2.8996509e-020
 -2.2426320e-013  1.1494425e-014
 -4.4108909e-020  1.7638683e-019
  1.0825322e-013 -4.3057256e-014
  2.6644430e-007  7.9023445e-024
  8.2918655e-021  3.1316208e-007
 -2.4209748e-007 -2.5798647e-020
 -5.3628920e-021 -5.2245621e-007
  2.1322448e-007  9.9308562e-021
  2.8166842e-020  4.4913043e-007
 -1.6246058e-007  5.1520222e-020
 -2.0355858e-020 -1.1797499e-007
 -1.7298480e-008 -1.1131334e-019
  9.8286491e-020 -4.4351751e-008
 -3.1363191e-009  6.3315494e-020
 -2.0817215e-022  1.5857802e-008
