  1.5183357e-008  4.3329919e-009
  9.9943715e-001  2.0356059e-019
  6.9751420e-019  9.9829028e-001
 -1.3024807e-008 -2.9098678e-010
  2.2109335e-016  1.1449804e-015
  4.9293638e-010 -2.0145460e-009
  4.0572700e-003  6.4329773e-022
 -2.7812874e-016 -6.8286635e-003
 -6.6017835e-003 -5.2412760e-017
 -1.5238982e-019  1.4143657e-003
  1.5155232e-009  4.2163450e-012
 -5.4633688e-017  2.2021662e-017
 -2.1970928e-010  5.5252354e-011
 -2.7317015e-017 -4.4817345e-017
 -3.8666331e-012  2.0078259e-010
 -6.4559809e-005 -8.3208940e-022
  2.0185441e-017 -1.0102426e-004
  7.6150115e-005 -2.3068291e-019
  1.5951478e-017  3.8659310e-005
  1.6108841e-005  6.0683220e-018
  1.1734579e-020  5.0453159e-006
 -5.6377000e-011  8.9228436e-014
  1.8751779e-018 -2.0437642e-018
  1.5816718e-011 -1.2899694e-012
  2.3088065e-018  8.2392430e-019
 -1.0116245e-012 -1.2872112e-012
  1.0322766e-018  1.8807109e-018
  2.3959889e-013 -7.8446458e-012
  4.3230872e-006  2.2469774e-023
 -4.1271371e-019  6.1062950e-006
 -1.7064310e-006  2.5441676e-019
 -7.5723427e-019 -2.9046690e-006
 -6.5870852e-007 -4.9269596e-019
 -3.5483728e-019  1.9346451e-007
 -5.9231460e-008 -5.8687342e-021
 -3.7865964e-022  2.7253647e-008
  8.0822448e-013 -2.0325590e-015
 -2.4304822e-020  3.4376881e-020
 -3.3603882e-013  8.8461135e-015
 -3.6340924e-020  1.5474090e-021
  4.6155889e-014  2.4708683e-014
 -3.5081418e-020 -3.2696129e-020
 -6.8911506e-015  5.3271666e-015
 -1.5654660e-020 -2.3646450e-020
 -2.4793669e-015  1.2921756e-013
 -7.6882626e-008 -2.3150782e-025
  2.5789374e-021 -1.0057469e-007
  3.8878183e-008 -6.2102183e-021
  1.1493087e-020  6.2738691e-008
 -3.2854369e-011  8.1129645e-021
  7.9813723e-021 -1.2179080e-008
  2.8780087e-009  4.4039991e-021
  3.9559326e-021  2.8453552e-010
  2.7793723e-010 -1.9987505e-021
  5.3389013e-024  1.3701831e-010
 -3.8987992e-015  9.9471013e-018
  1.1614273e-022 -1.6995158e-022
  2.1018585e-015 -1.4370976e-017
  1.2517270e-022 -5.1027270e-023
 -3.8823687e-016 -9.7273502e-017
  2.8212227e-022  1.1322232e-022
  3.7051583e-018 -1.1023450e-016
  1.5222420e-022  2.1006932e-022
  4.9104411e-017  3.3971505e-017
  8.4596770e-023  9.3006816e-023
  7.7312368e-018 -7.4902760e-016
  5.0560135e-010  8.8764234e-028
  1.9537584e-025  5.6112103e-010
 -3.5194553e-010  3.9429514e-023
 -6.4281305e-023 -4.5013862e-010
  1.0299426e-010 -4.7816682e-023
 -2.8096345e-023  1.4244800e-010
 -4.8930538e-011 -7.0285755e-024
 -4.6529577e-023 -1.4272467e-011
  3.6483445e-012 -3.4675355e-023
 -1.5330016e-023 -8.9305500e-012
 -1.4977994e-012  2.3614472e-023
 -2.7314039e-026  4.7791051e-012
