  5.8759260e-009  2.2409596e-009
  9.9990071e-001  1.2288639e-019
  2.5071508e-019  9.9981132e-001
 -5.6364277e-009 -8.3743413e-011
 -1.7275064e-016  3.2842412e-015
  9.6167538e-011 -6.6504107e-010
  2.1199522e-003 -1.8755653e-020
  3.6197304e-017 -3.5294444e-003
 -5.9338226e-003  4.9827034e-019
 -3.7221416e-020  1.0710197e-003
  5.6567030e-010  1.4402205e-012
  2.6176116e-017 -1.4683733e-016
 -6.6988253e-011  8.5179019e-012
  1.9977424e-018 -2.2007548e-017
  4.2344423e-012  3.7753345e-011
  8.8978055e-006  8.2626867e-022
 -6.5900165e-018  1.0198116e-005
  1.9936821e-005  2.9584879e-018
  2.9267348e-018  1.0686164e-005
  1.5545292e-005  1.0921462e-018
  1.5428590e-021  2.2734467e-006
 -1.6742318e-011 -6.0863826e-015
 -6.2558917e-019  2.8225270e-018
  4.2244387e-012 -1.2212609e-013
 -2.2314440e-019  6.2152283e-019
 -3.3892391e-013 -1.3851988e-013
 -1.3480226e-020  3.1482231e-019
 -8.7075565e-014 -7.9499811e-013
  3.8905858e-008 -1.4588800e-023
  1.3529418e-019  1.2030371e-007
 -7.1612078e-008 -1.2427091e-019
  7.3608540e-020 -2.5887907e-007
 -3.0249012e-007  2.2013069e-020
 -9.1902153e-020 -7.9737959e-009
 -4.8662124e-008 -5.1652534e-020
 -2.6174914e-023  2.6664264e-008
  1.8412356e-013 -1.6754019e-017
  5.0225735e-021 -2.2338428e-020
 -7.3634243e-014  5.1855216e-016
  4.0074758e-021 -5.2089858e-021
  1.5382371e-014  1.4656819e-015
  1.0537231e-022 -4.6660990e-021
 -2.9584722e-015  6.3902582e-016
  1.7100411e-022 -1.8225196e-021
  1.1058789e-015  6.9476530e-015
 -5.7487069e-010  1.1180164e-025
 -1.1351712e-021 -1.8815086e-009
  4.7764342e-010  1.3871881e-021
 -9.5234742e-022  2.1440310e-009
  8.6625790e-010 -1.2005304e-022
 -4.8364767e-023 -8.7927784e-011
  1.1158332e-009  1.9384701e-022
  7.7698806e-022  1.9865326e-010
  1.4749831e-010  3.9722057e-022
  1.9448971e-025 -2.9406088e-010
 -6.6787168e-016  1.0970961e-019
 -1.2952505e-023  6.0301683e-023
  3.5829482e-016 -4.7137433e-019
 -1.8273063e-023  1.1219337e-023
 -1.0162602e-016 -3.4344002e-018
 -2.1837657e-024  2.2657311e-023
  1.1304108e-017 -4.3482644e-018
  9.4033995e-025  7.1914756e-024
  6.5881434e-018 -4.1863652e-019
 -7.6315782e-025  4.0429928e-024
 -3.8590757e-018 -2.1302371e-017
  7.5689537e-012 -3.1120518e-028
  3.9361209e-024  1.0370427e-011
 -1.3047678e-011 -4.6460444e-024
  3.7374794e-025 -1.3389652e-011
  1.1022355e-011 -9.6188169e-025
  5.5575875e-024  4.0338691e-012
 -9.2823350e-012  1.4913493e-024
 -2.8643184e-024  1.1976034e-012
 -2.4696416e-014 -2.4614662e-024
 -1.8333912e-024 -3.4388247e-012
 -3.9397433e-013 -5.7050302e-025
 -5.2530136e-028  2.3407863e-012
