  5.1256336e-009  1.9084598e-009
  9.9988783e-001  1.5723623e-019
 -1.2337229e-019  9.9979627e-001
 -4.5908233e-009 -6.4207001e-011
 -2.5845194e-016  4.4958192e-016
  9.3089060e-011 -3.9743924e-010
  1.9826111e-003 -1.7531935e-020
  9.3301731e-017 -3.5070062e-003
 -5.6980688e-003 -6.0177770e-017
  2.4662822e-020  1.1264612e-003
  4.4785297e-010  9.4247227e-013
  1.8357591e-017 -3.1385455e-017
 -4.7124629e-011  6.4630950e-012
  9.1395372e-018  1.9925430e-018
  1.8706821e-012  1.1380989e-011
  7.7759369e-006  7.1301531e-022
 -2.8062838e-019  8.8637245e-006
  1.8101543e-005  3.0676772e-018
 -6.4052238e-018  1.0885564e-005
  1.4865777e-005 -1.6503328e-019
 -1.0614861e-021  2.4499105e-006
 -1.2901856e-011 -1.2227711e-015
 -3.3980469e-019  8.1225836e-019
  2.7440113e-012  1.0066099e-013
 -3.4762696e-019  1.4660003e-020
 -9.7235204e-014 -2.3068219e-013
 -1.3227207e-019 -3.3365878e-020
 -3.6830960e-014  3.6075133e-014
  4.0186328e-008 -1.2197642e-023
 -3.3898519e-021  1.1991561e-007
 -7.2041355e-008 -4.9046756e-020
  7.4324593e-020 -2.4630483e-007
 -2.7456147e-007 -2.2884499e-020
  1.0767960e-019 -7.6967611e-009
 -4.3185456e-008  2.7776565e-020
  1.8264593e-023  2.4358304e-008
  1.3826261e-013 -3.9378748e-017
  2.5418187e-021 -8.4482679e-021
 -4.8117025e-014 -5.5554927e-015
  3.2213258e-021  6.7138577e-022
  9.6897455e-015  2.6410461e-015
  2.6316779e-021 -1.2842649e-021
 -2.8000130e-015  5.0773921e-015
  8.7317276e-022  8.2259970e-022
  5.3104935e-016 -3.2299476e-015
 -5.7486074e-010  9.1289604e-026
 -2.7097168e-022 -1.7873276e-009
  5.1413687e-010  4.0461724e-022
  1.5437482e-022  2.0186158e-009
  7.7810775e-010  5.6333205e-023
 -1.0191383e-021 -8.0570377e-011
  9.8673187e-010  3.2974801e-023
 -7.3157987e-022  1.4699164e-010
  1.1520112e-010 -2.7650473e-022
 -1.3700858e-025 -2.3161899e-010
 -4.8875920e-016  1.4782187e-019
 -6.1586317e-024  3.0127170e-023
  2.3760336e-016  4.5389538e-017
 -1.1478438e-023 -5.0946944e-024
 -7.6301523e-017 -6.9782359e-017
 -7.2630700e-024  4.9045070e-024
  1.5774979e-017  6.6362327e-017
 -8.1360270e-024  2.5773216e-024
  5.5516956e-018 -5.5624964e-017
 -2.0496435e-024 -3.3790624e-024
 -1.9442024e-018  2.0526102e-017
  6.5909147e-012 -2.4711220e-028
  2.1770288e-024  9.4134579e-012
 -1.1805261e-011 -1.4451974e-024
 -3.5775301e-024 -1.2795195e-011
  1.0101034e-011  1.0938027e-024
  4.4723660e-024  4.8888874e-012
 -8.5583235e-012 -1.6119136e-024
  1.3910146e-024  2.8146911e-014
  1.6598508e-013  1.3018568e-024
  2.1095159e-024 -2.5426033e-012
 -2.9547832e-013  5.4156914e-025
  3.7295145e-028  1.9485520e-012

