   6.0956232e-10   2.6109503e-10
   9.9969010e-01  -1.0443624e-20
  -4.8764664e-19   9.9992729e-01
  -9.5895616e-07  -1.6440456e-09
  -1.7542840e-16  -3.5484595e-16
   7.5870189e-08   1.5179086e-09
   2.2884357e-02  -6.9862645e-21
   7.4009282e-16  -1.3865874e-02
  -5.7008490e-02  -3.0149376e-16
   6.0810597e-19   2.2724408e-03
   1.0349238e-06   5.1846169e-10
   3.0945217e-16   3.6805117e-16
  -6.7782838e-08   3.6938874e-10
   3.6264596e-17  -1.1197770e-16
  -5.4422418e-08  -7.5163545e-10
  -3.4101282e-04   3.3897876e-21
  -2.2890584e-16   5.7257664e-04
   2.3658752e-03   2.4079525e-16
  -1.6454107e-16   4.2240733e-04
   6.3171362e-04  -3.4430058e-17
  -2.3167605e-19  -7.0610983e-06
  -2.8857370e-07  -5.8706158e-11
  -6.6747051e-17  -6.5324851e-17
   7.2444864e-08  -1.2401686e-10
  -5.1459803e-17   5.2202995e-17
  -1.5577154e-08   6.1442001e-11
  -1.5204122e-18   6.4455626e-18
   1.4824409e-08   9.6481648e-11
   2.5252465e-04  -5.1528934e-22
   1.9634982e-17  -2.1799629e-05
  -8.8984020e-05  -4.7289516e-17
   4.8787246e-17  -2.9987645e-05
  -2.4098765e-04  -1.0563340e-17
   1.1322526e-17  -1.0348900e-05
  -5.2645053e-06   8.3576029e-18
   3.6282568e-20   4.4061218e-06
   2.8511240e-08   2.8853215e-12
   4.4518656e-18   4.7560402e-18
  -1.5129907e-08   7.5391653e-12
   7.2929647e-18  -5.4244846e-18
   4.7818380e-09   8.0326620e-12
   2.1356572e-18  -2.4473406e-18
   1.2266553e-09  -1.3970896e-11
   1.8830151e-20   9.0656458e-20
  -1.5754873e-09  -3.5772882e-12
  -2.1326273e-05   3.3392634e-23
  -4.6412012e-19   1.1403550e-06
   2.9571190e-06   3.3494471e-18
  -3.8758030e-18   1.3922900e-06
   1.1986045e-05   2.0941712e-18
  -2.1452189e-18  -2.4927331e-08
   4.1658677e-06  -5.3420590e-19
  -4.1973238e-19   3.3331672e-07
   1.5658321e-07  -2.3971130e-19
  -2.4934577e-21  -3.6135820e-07
  -9.0536456e-10  -5.0794204e-14
  -9.2417101e-20  -1.2756213e-19
   8.1512590e-10  -1.6946980e-13
  -2.3660304e-19   1.4439080e-19
  -6.2752828e-10  -1.6532340e-13
  -1.5850973e-19   1.1482801e-19
   3.8430321e-10  -2.0476095e-13
  -2.2803245e-20   7.1875276e-20
  -2.0301925e-10   6.1392271e-13
  -1.3853831e-21  -3.0287240e-20
   6.1410507e-11  -4.9330392e-15
   8.4022287e-07  -7.7431913e-25
  -1.1210821e-21  -5.3463414e-08
  -1.8277491e-07  -7.7315057e-20
   7.4800639e-20  -2.2602975e-08
   3.7877523e-08  -8.3155812e-20
   1.1776422e-19   6.2561777e-08
  -4.5515215e-07   2.9553081e-21
   1.0118652e-20  -4.0079517e-08
   3.1222866e-08   8.8751644e-21
   1.1009608e-20  -1.1963970e-08
  -6.7051603e-09  -5.0735781e-22
   6.2380559e-23   1.8212229e-08
