$-------+-------+-------+-------+-------+-------+-------+-------+-------+-------
GRID,9001,,27026.93,3626.53,4349.76
GRID,9002,,27201.92,3529.65,4311.51
GRID,9003,,27376.92,3432.76,4271.74
GRID,9004,,27551.92,3335.88,4230.55
GRID,9005,,27726.92,3238.99,4188.16
GRID,9006,,27396.09,4268.40,4391.85
GRID,9007,,27571.09,4171.51,4357.55
GRID,9008,,27746.09,4074.63,4322.09
GRID,9009,,27921.08,3977.74,4285.55
GRID,9010,,28096.08,3880.86,4248.10
GRID,9011,,28271.08,3783.97,4209.97
GRID,9012,,28446.07,3687.09,4171.44
GRID,9013,,28621.07,3590.20,4132.77
GRID,9014,,28796.07,3493.32,4094.22
GRID,9015,,28971.07,3396.44,4056.01
GRID,9016,,29146.06,3299.55,4018.33
GRID,9017,,27940.25,4813.37,4395.28
GRID,9018,,28115.25,4716.49,4363.44
GRID,9019,,28290.25,4619.60,4330.87
GRID,9020,,28465.24,4522.72,4297.79
GRID,9021,,28640.24,4425.84,4264.44
GRID,9022,,28815.24,4328.95,4230.98
GRID,9023,,28990.24,4232.07,4197.53
GRID,9024,,29165.23,4135.18,4164.20
GRID,9025,,29340.23,4038.30,4131.15
GRID,9026,,29515.23,3941.41,4098.48
GRID,9027,,29690.22,3844.53,4066.28
GRID,9028,,29865.22,3747.64,4034.61
GRID,9029,,30040.22,3650.76,4003.52
GRID,9030,,30215.22,3553.88,3973.05
GRID,9031,,30390.21,3456.99,3943.26
GRID,9032,,30565.21,3360.11,3914.18
GRID,9033,,30740.21,3263.22,3885.84
GRID,9034,,28309.42,5455.24,4427.29
GRID,9035,,28484.41,5358.35,4398.48
GRID,9036,,28659.41,5261.47,4369.01
GRID,9037,,28834.41,5164.58,4339.11
GRID,9038,,29009.41,5067.70,4309.00
GRID,9039,,29184.40,4970.81,4278.91
GRID,9040,,29359.40,4873.93,4249.07
GRID,9041,,29534.40,4777.04,4219.65
GRID,9042,,29709.39,4680.16,4190.78
GRID,9043,,29884.39,4583.28,4162.55
GRID,9044,,30059.39,4486.39,4135.00
GRID,9045,,30234.39,4389.51,4108.13
GRID,9046,,30409.38,4292.62,4081.88
GRID,9047,,30584.38,4195.74,4056.10
GRID,9048,,30759.38,4098.85,4030.70
GRID,9049,,30934.38,4001.97,4005.67
GRID,9050,,31109.37,3905.08,3981.01
GRID,9051,,31284.37,3808.20,3956.72
GRID,9052,,31459.37,3711.32,3932.78
GRID,9053,,31634.37,3614.43,3909.17
GRID,9054,,31809.36,3517.55,3885.87
GRID,9055,,31984.36,3420.66,3862.85
GRID,9056,,32159.36,3323.78,3840.08
GRID,9057,,32334.35,3226.89,3817.55
GRID,9058,,28853.58,6000.21,4428.55
GRID,9059,,29028.57,5903.33,4401.91
GRID,9060,,29203.57,5806.44,4374.88
GRID,9061,,29378.57,5709.56,4347.65
GRID,9062,,29553.57,5612.68,4320.44
GRID,9063,,29728.56,5515.79,4293.45
GRID,9064,,29903.56,5418.91,4266.82
GRID,9065,,30078.56,5322.02,4240.69
GRID,9066,,30253.56,5225.14,4215.14
GRID,9067,,30428.55,5128.25,4190.19
GRID,9068,,30603.55,5031.37,4165.88
GRID,9069,,30778.55,4934.48,4142.21
GRID,9070,,30953.54,4837.60,4119.23
GRID,9071,,31128.54,4740.72,4096.96
GRID,9072,,31303.54,4643.83,4075.43
GRID,9073,,31478.54,4546.95,4054.65
GRID,9074,,31653.54,4450.06,4034.51
GRID,9075,,31828.53,4353.18,4014.75
GRID,9076,,32003.53,4256.29,3995.13
GRID,9077,,32178.53,4159.41,3975.54
GRID,9078,,32353.52,4062.52,3955.91
GRID,9079,,32528.52,3965.64,3936.18
GRID,9080,,32703.52,3868.76,3916.27
GRID,9081,,29222.74,6642.08,4454.26
GRID,9082,,29397.74,6545.19,4430.23
GRID,9083,,29572.74,6448.31,4405.84
GRID,9084,,29747.73,6351.42,4381.26
GRID,9085,,29922.73,6254.54,4356.65
GRID,9086,,30097.73,6157.65,4332.20
GRID,9087,,30272.73,6060.77,4308.05
GRID,9088,,30447.72,5963.88,4284.28
GRID,9089,,30622.72,5867.00,4260.99
GRID,9090,,30797.72,5770.12,4238.20
GRID,9091,,30972.71,5673.23,4215.93
GRID,9092,,31147.71,5576.35,4194.19
GRID,9093,,31322.71,5479.46,4173.02
GRID,9094,,31497.71,5382.58,4152.46
GRID,9095,,31672.70,5285.69,4132.52
GRID,9096,,31847.70,5188.81,4113.18
GRID,9097,,32022.70,5091.92,4094.44
GRID,9098,,32197.70,4995.04,4076.28
GRID,9099,,32372.69,4898.16,4058.65
GRID,9100,,32547.69,4801.27,4041.50
GRID,9101,,32722.69,4704.39,4024.74
GRID,9102,,32897.68,4607.50,4008.29
GRID,9103,,29766.90,7187.05,4454.70
GRID,9104,,29941.90,7090.17,4432.68
GRID,9105,,30116.90,6993.29,4410.45
GRID,9106,,30291.89,6896.40,4388.20
GRID,9107,,30466.89,6799.52,4366.06
GRID,9108,,30641.89,6702.63,4344.19
GRID,9109,,30816.89,6605.75,4322.66
GRID,9110,,30991.88,6508.86,4301.52
GRID,9111,,31166.88,6411.98,4280.80
GRID,9112,,31341.88,6315.09,4260.51
GRID,9113,,31516.88,6218.21,4240.65
GRID,9114,,31691.87,6121.33,4221.21
GRID,9115,,31866.87,6024.44,4202.17
GRID,9116,,32041.87,5927.56,4183.57
GRID,9117,,32216.87,5830.67,4165.47
GRID,9118,,32391.86,5733.79,4147.88
GRID,9119,,32566.86,5636.90,4130.81
GRID,9120,,32741.86,5540.02,4114.24
GRID,9121,,32916.86,5443.13,4098.11
GRID,9122,,33091.85,5346.25,4082.36
GRID,9123,,33266.85,5249.37,4066.93
GRID,9124,,30136.07,7828.92,4476.07
GRID,9125,,30311.06,7732.03,4456.28
GRID,9126,,30486.06,7635.15,4436.22
GRID,9127,,30661.06,7538.26,4416.07
GRID,9128,,30836.06,7441.38,4396.01
GRID,9129,,31011.05,7344.49,4376.19
GRID,9130,,31186.05,7247.61,4356.70
GRID,9131,,31361.05,7150.73,4337.58
GRID,9132,,31536.04,7053.84,4318.84
GRID,9133,,31711.04,6956.96,4300.47
GRID,9134,,31886.04,6860.07,4282.48
GRID,9135,,32061.04,6763.19,4264.83
GRID,9136,,32236.04,6666.30,4247.50
GRID,9137,,32411.03,6569.42,4230.52
GRID,9138,,32586.03,6472.53,4213.88
GRID,9139,,32761.03,6375.65,4197.61
GRID,9140,,32936.02,6278.77,4181.73
GRID,9141,,33111.02,6181.88,4166.20
GRID,9142,,33286.02,6085.00,4151.00
GRID,9143,,33461.02,5988.11,4136.06
GRID,9144,,33636.01,5891.23,4121.34
GRID,9145,,30680.23,8373.89,4476.65
GRID,9146,,30855.23,8277.01,4458.70
GRID,9147,,31030.22,8180.13,4440.59
GRID,9148,,31205.22,8083.24,4422.52
GRID,9149,,31380.22,7986.36,4404.64
GRID,9150,,31555.21,7889.47,4387.08
GRID,9151,,31730.21,7792.59,4369.85
GRID,9152,,31905.21,7695.70,4352.96
GRID,9153,,32080.21,7598.82,4336.39
GRID,9154,,32255.21,7501.93,4320.13
GRID,9155,,32430.20,7405.05,4304.18
GRID,9156,,32605.20,7308.17,4288.55
GRID,9157,,32780.20,7211.28,4273.25
GRID,9158,,32955.20,7114.40,4258.27
GRID,9159,,33130.19,7017.51,4243.61
GRID,9160,,33305.19,6920.63,4229.27
GRID,9161,,33480.18,6823.74,4215.24
GRID,9162,,33655.18,6726.86,4201.44
GRID,9163,,33830.18,6629.97,4187.80
GRID,9164,,34005.18,6533.09,4174.25
GRID,9165,,31049.39,9015.76,4493.61
GRID,9166,,31224.39,8918.87,4477.63
GRID,9167,,31399.39,8821.99,4461.45
GRID,9168,,31574.38,8725.10,4445.25
GRID,9169,,31749.38,8628.22,4429.21
GRID,9170,,31924.38,8531.34,4413.48
GRID,9171,,32099.38,8434.45,4398.07
GRID,9172,,32274.37,8337.57,4382.99
GRID,9173,,32449.37,8240.68,4368.21
GRID,9174,,32624.37,8143.80,4353.69
GRID,9175,,32799.36,8046.91,4339.42
GRID,9176,,32974.36,7950.03,4325.44
GRID,9177,,33149.36,7853.14,4311.77
GRID,9178,,33324.36,7756.26,4298.43
GRID,9179,,33499.36,7659.38,4285.44
GRID,9180,,33674.35,7562.49,4272.79
GRID,9181,,33849.35,7465.61,4260.46
GRID,9182,,34024.34,7368.72,4248.36
GRID,9183,,34199.34,7271.84,4236.37
GRID,9184,,34374.34,7174.95,4224.40
GRID,9185,,31418.55,9657.62,4507.20
GRID,9186,,31593.55,9560.73,4492.97
GRID,9187,,31768.55,9463.85,4478.51
GRID,9188,,31943.55,9366.97,4464.01
GRID,9189,,32118.54,9270.08,4449.67
GRID,9190,,32293.54,9173.20,4435.67
GRID,9191,,32468.54,9076.31,4422.01
GRID,9192,,32643.54,8979.43,4408.67
GRID,9193,,32818.53,8882.54,4395.60
GRID,9194,,32993.53,8785.66,4382.78
GRID,9195,,33168.53,8688.77,4370.19
GRID,9196,,33343.52,8591.89,4357.85
GRID,9197,,33518.52,8495.01,4345.81
GRID,9198,,33693.52,8398.12,4334.11
GRID,9199,,33868.52,8301.24,4322.79
GRID,9200,,34043.52,8204.35,4311.85
GRID,9201,,34218.51,8107.47,4301.26
GRID,9202,,34393.51,8010.58,4290.89
GRID,9203,,34568.50,7913.70,4280.63
GRID,9204,,31962.71,10202.60,4505.18
GRID,9205,,32137.71,10105.71,4492.22
GRID,9206,,32312.71,10008.83,4479.20
GRID,9207,,32487.71,9911.94,4466.34
GRID,9208,,32662.71,9815.06,4453.81
GRID,9209,,32837.70,9718.18,4441.69
GRID,9210,,33012.70,9621.29,4429.89
GRID,9211,,33187.70,9524.41,4418.38
GRID,9212,,33362.70,9427.52,4407.11
GRID,9213,,33537.69,9330.64,4396.10
GRID,9214,,33712.69,9233.75,4385.36
GRID,9215,,33887.68,9136.87,4374.96
GRID,9216,,34062.68,9039.98,4364.95
GRID,9217,,34237.68,8943.10,4355.38
GRID,9218,,34412.68,8846.22,4346.24
GRID,9219,,34587.68,8749.33,4337.46
GRID,9220,,34762.67,8652.45,4328.91
GRID,9221,,34937.67,8555.56,4320.40
GRID,9222,,32331.88,10844.46,4514.30
GRID,9223,,32506.88,10747.58,4502.50
GRID,9224,,32681.87,10650.69,4490.97
GRID,9225,,32856.87,10553.81,4479.68
GRID,9226,,33031.87,10456.92,4468.65
GRID,9227,,33206.87,10360.04,4457.87
GRID,9228,,33381.86,10263.15,4447.37
GRID,9229,,33556.86,10166.27,4437.16
GRID,9230,,33731.86,10069.38,4427.27
GRID,9231,,33906.86,9972.50,4417.72
GRID,9232,,34081.85,9875.62,4408.54
GRID,9233,,34256.85,9778.73,4399.74
GRID,9234,,34431.85,9681.85,4391.31
GRID,9235,,34606.84,9584.96,4383.28
GRID,9236,,34781.84,9488.08,4375.62
GRID,9237,,34956.84,9391.19,4368.36
GRID,9238,,35131.84,9294.31,4361.48
GRID,9239,,35306.83,9197.42,4355.00
GRID,9240,,32876.04,11389.44,4510.79
GRID,9241,,33051.04,11292.55,4500.43
GRID,9242,,33226.04,11195.67,4490.21
GRID,9243,,33401.03,11098.78,4480.17
GRID,9244,,33576.03,11001.90,4470.40
GRID,9245,,33751.03,10905.02,4460.96
GRID,9246,,33926.02,10808.13,4451.91
GRID,9247,,34101.02,10711.25,4443.28
GRID,9248,,34276.02,10614.36,4435.09
GRID,9249,,34451.02,10517.48,4427.35
GRID,9250,,34626.02,10420.59,4420.05
GRID,9251,,34801.01,10323.71,4413.18
GRID,9252,,34976.01,10226.82,4406.73
GRID,9253,,35151.01,10129.94,4400.70
GRID,9254,,35326.00,10033.06,4395.08
GRID,9255,,35501.00,9936.17,4389.85
GRID,9256,,35676.00,9839.29,4385.03
GRID,9257,,33245.20,12031.30,4517.55
GRID,9258,,33420.20,11934.42,4508.33
GRID,9259,,33595.20,11837.53,4499.16
GRID,9260,,33770.20,11740.65,4490.18
GRID,9261,,33945.19,11643.76,4481.55
GRID,9262,,34120.19,11546.88,4473.26
GRID,9263,,34295.19,11449.99,4465.25
GRID,9264,,34470.18,11353.11,4457.51
GRID,9265,,34645.18,11256.22,4450.10
GRID,9266,,34820.18,11159.34,4443.10
GRID,9267,,34995.18,11062.46,4436.67
GRID,9268,,35170.17,10965.57,4431.08
GRID,9269,,35345.17,10868.69,4426.34
GRID,9270,,35520.17,10771.80,4422.16
GRID,9271,,35695.16,10674.92,4418.25
GRID,9272,,35870.16,10578.03,4414.42
GRID,9273,,36045.16,10481.15,4410.47
GRID,9274,,33789.36,12576.28,4514.76
GRID,9275,,33964.36,12479.39,4506.81
GRID,9276,,34139.36,12382.51,4499.02
GRID,9277,,34314.36,12285.63,4491.49
GRID,9278,,34489.36,12188.74,4484.27
GRID,9279,,34664.35,12091.86,4477.31
GRID,9280,,34839.35,11994.97,4470.56
GRID,9281,,35014.35,11898.09,4464.05
GRID,9282,,35189.34,11801.20,4457.82
GRID,9283,,35364.34,11704.32,4451.99
GRID,9284,,35539.34,11607.43,4446.74
GRID,9285,,35714.34,11510.55,4442.24
GRID,9286,,35889.33,11413.67,4438.63
GRID,9287,,36064.33,11316.78,4435.70
GRID,9288,,36239.33,11219.90,4432.96
GRID,9289,,34158.53,13218.14,4519.78
GRID,9290,,34333.53,13121.26,4512.98
GRID,9291,,34508.52,13024.37,4506.36
GRID,9292,,34683.52,12927.49,4499.99
GRID,9293,,34858.52,12830.60,4493.91
GRID,9294,,35033.52,12733.72,4488.10
GRID,9295,,35208.51,12636.83,4482.53
GRID,9296,,35383.51,12539.95,4477.21
GRID,9297,,35558.51,12443.07,4472.19
GRID,9298,,35733.50,12346.18,4467.60
GRID,9299,,35908.50,12249.30,4463.53
GRID,9300,,36083.50,12152.41,4460.06
GRID,9301,,36258.50,12055.53,4457.04
GRID,9302,,36433.49,11958.64,4454.27
GRID,9303,,36608.49,11861.76,4451.51
GRID,9304,,34702.69,13763.12,4517.71
GRID,9305,,34877.69,13666.24,4512.04
GRID,9306,,35052.68,13569.35,4506.65
GRID,9307,,35227.68,13472.47,4501.57
GRID,9308,,35402.68,13375.58,4496.82
GRID,9309,,35577.68,13278.70,4492.38
GRID,9310,,35752.68,13181.81,4488.25
GRID,9311,,35927.67,13084.93,4484.46
GRID,9312,,36102.67,12988.04,4481.08
GRID,9313,,36277.67,12891.16,4478.23
GRID,9314,,36452.66,12794.27,4475.98
GRID,9315,,36627.66,12697.39,4474.22
GRID,9316,,36802.66,12600.51,4472.70
GRID,9317,,36977.66,12503.62,4471.09
GRID,9318,,35071.86,14404.98,4521.58
GRID,9319,,35246.85,14308.10,4516.49
GRID,9320,,35421.85,14211.21,4511.72
GRID,9321,,35596.85,14114.33,4507.30
GRID,9322,,35771.84,14017.44,4503.26
GRID,9323,,35946.84,13920.56,4499.60
GRID,9324,,36121.84,13823.67,4496.35
GRID,9325,,36296.84,13726.79,4493.52
GRID,9326,,36471.83,13629.91,4491.17
GRID,9327,,36646.83,13533.02,4489.38
GRID,9328,,36821.83,13436.14,4488.19
GRID,9329,,36996.82,13339.25,4487.59
GRID,9330,,37171.82,13242.37,4487.41
GRID,9331,,37346.82,13145.48,4487.24
GRID,9332,,35616.02,14949.96,4520.36
GRID,9333,,35791.01,14853.08,4515.89
GRID,9334,,35966.01,14756.19,4511.79
GRID,9335,,36141.01,14659.31,4508.11
GRID,9336,,36316.00,14562.42,4504.87
GRID,9337,,36491.00,14465.54,4502.07
GRID,9338,,36666.00,14368.65,4499.78
GRID,9339,,36841.00,14271.77,4498.05
GRID,9340,,37015.99,14174.88,4496.93
GRID,9341,,37190.99,14078.00,4496.42
GRID,9342,,37365.99,13981.12,4496.52
GRID,9343,,37540.98,13884.23,4497.13
GRID,9344,,37715.98,13787.35,4497.84
GRID,9345,,35985.18,15591.82,4523.55
GRID,9346,,36160.18,15494.94,4519.29
GRID,9347,,36335.18,15398.05,4515.38
GRID,9348,,36510.17,15301.17,4511.88
GRID,9349,,36685.17,15204.29,4508.83
GRID,9350,,36860.17,15107.40,4506.22
GRID,9351,,37035.16,15010.52,4504.12
GRID,9352,,37210.16,14913.63,4502.64
GRID,9353,,37385.16,14816.75,4501.82
GRID,9354,,37560.16,14719.86,4501.67
GRID,9355,,37735.15,14622.98,4502.14
GRID,9356,,37910.15,14526.09,4503.11
GRID,9357,,38085.15,14429.21,4504.22
GRID,9358,,36529.34,16136.80,4521.19
GRID,9359,,36704.34,16039.92,4517.46
GRID,9360,,36879.34,15943.03,4514.10
GRID,9361,,37054.34,15846.15,4511.19
GRID,9362,,37229.33,15749.26,4508.69
GRID,9363,,37404.33,15652.38,4506.68
GRID,9364,,37579.33,15555.49,4505.29
GRID,9365,,37754.32,15458.61,4504.58
GRID,9366,,37929.32,15361.72,4504.60
GRID,9367,,38104.32,15264.84,4505.29
GRID,9368,,38279.32,15167.96,4506.47
GRID,9369,,38454.31,15071.07,4507.79
GRID,9370,,36898.50,16778.66,4520.85
GRID,9371,,37073.50,16681.78,4517.33
GRID,9372,,37248.50,16584.89,4514.15
GRID,9373,,37423.50,16488.01,4511.40
GRID,9374,,37598.50,16391.13,4509.02
GRID,9375,,37773.49,16294.24,4507.07
GRID,9376,,37948.49,16197.36,4505.72
GRID,9377,,38123.48,16100.47,4505.07
GRID,9378,,38298.48,16003.59,4505.14
GRID,9379,,38473.48,15906.70,4505.87
GRID,9380,,38648.48,15809.82,4507.10
GRID,9381,,38823.48,15712.93,4508.48
GRID,9382,,37267.67,17420.53,4518.23
GRID,9383,,37442.67,17323.64,4514.88
GRID,9384,,37617.66,17226.76,4511.84
GRID,9385,,37792.66,17129.87,4509.18
GRID,9386,,37967.66,17032.99,4506.89
GRID,9387,,38142.66,16936.10,4504.98
GRID,9388,,38317.66,16839.22,4503.63
GRID,9389,,38492.65,16742.34,4503.00
GRID,9390,,38667.65,16645.45,4503.13
GRID,9391,,38842.65,16548.57,4503.92
GRID,9392,,39017.64,16451.68,4505.17
GRID,9393,,39192.64,16354.80,4506.52
GRID,9394,,37811.83,17965.50,4510.23
GRID,9395,,37986.83,17868.62,4507.29
GRID,9396,,38161.82,17771.73,4504.68
GRID,9397,,38336.82,17674.85,4502.42
GRID,9398,,38511.82,17577.96,4500.50
GRID,9399,,38686.82,17481.08,4499.11
GRID,9400,,38861.82,17384.20,4498.43
GRID,9401,,39036.81,17287.31,4498.56
GRID,9402,,39211.81,17190.43,4499.43
GRID,9403,,39386.80,17093.54,4500.80
GRID,9404,,39561.80,16996.66,4502.25
GRID,9405,,38181.00,18607.37,4503.62
GRID,9406,,38355.99,18510.48,4500.62
GRID,9407,,38530.99,18413.60,4497.95
GRID,9408,,38705.99,18316.71,4495.64
GRID,9409,,38880.98,18219.83,4493.72
GRID,9410,,39055.98,18122.95,4492.28
GRID,9411,,39230.98,18026.06,4491.52
GRID,9412,,39405.98,17929.18,4491.57
GRID,9413,,39580.97,17832.29,4492.43
GRID,9414,,39755.97,17735.41,4493.90
GRID,9415,,39930.97,17638.52,4495.51
GRID,9416,,38725.16,19152.35,4492.88
GRID,9417,,38900.15,19055.46,4489.91
GRID,9418,,39075.15,18958.58,4487.32
GRID,9419,,39250.15,18861.69,4485.18
GRID,9420,,39425.14,18764.81,4483.56
GRID,9421,,39600.14,18667.92,4482.60
GRID,9422,,39775.14,18571.04,4482.45
GRID,9423,,39950.14,18474.15,4483.16
GRID,9424,,40125.13,18377.27,4484.57
GRID,9425,,40300.13,18280.38,4486.22
GRID,9426,,39094.32,19794.21,4484.99
GRID,9427,,39269.32,19697.32,4481.68
GRID,9428,,39444.32,19600.44,4478.62
GRID,9429,,39619.31,19503.55,4476.00
GRID,9430,,39794.31,19406.67,4473.95
GRID,9431,,39969.30,19309.79,4472.58
GRID,9432,,40144.30,19212.90,4472.02
GRID,9433,,40319.30,19116.02,4472.37
GRID,9434,,40494.30,19019.13,4473.52
GRID,9435,,40669.30,18922.25,4475.05
GRID,9436,,39638.48,20339.19,4473.06
GRID,9437,,39813.48,20242.30,4469.66
GRID,9438,,39988.48,20145.42,4466.58
GRID,9439,,40163.47,20048.53,4464.04
GRID,9440,,40338.47,19951.65,4462.17
GRID,9441,,40513.47,19854.76,4461.08
GRID,9442,,40688.46,19757.88,4460.90
GRID,9443,,40863.46,19660.99,4461.60
GRID,9444,,41038.46,19564.11,4462.80
GRID,9445,,40007.64,20981.05,4463.23
GRID,9446,,40182.64,20884.16,4459.64
GRID,9447,,40357.64,20787.28,4456.26
GRID,9448,,40532.64,20690.39,4453.31
GRID,9449,,40707.63,20593.51,4451.00
GRID,9450,,40882.63,20496.63,4449.45
GRID,9451,,41057.63,20399.74,4448.80
GRID,9452,,41232.63,20302.86,4449.05
GRID,9453,,41407.63,20205.97,4449.88
GRID,9454,,40551.81,21526.03,4448.11
GRID,9455,,40726.80,21429.14,4444.51
GRID,9456,,40901.80,21332.26,4441.23
GRID,9457,,41076.80,21235.37,4438.53
GRID,9458,,41251.80,21138.49,4436.60
GRID,9459,,41426.79,21041.60,4435.59
GRID,9460,,41601.79,20944.72,4435.52
GRID,9461,,41776.79,20847.83,4436.07
GRID,9462,,40920.97,22167.89,4435.23
GRID,9463,,41095.97,22071.00,4431.43
GRID,9464,,41270.96,21974.12,4427.90
GRID,9465,,41445.96,21877.23,4424.83
GRID,9466,,41620.96,21780.35,4422.53
GRID,9467,,41795.96,21683.46,4421.17
GRID,9468,,41970.95,21586.58,4420.80
GRID,9469,,42145.95,21489.70,4421.15
GRID,9470,,41465.13,22712.87,4417.27
GRID,9471,,41640.13,22615.98,4413.56
GRID,9472,,41815.13,22519.10,4410.25
GRID,9473,,41990.12,22422.21,4407.63
GRID,9474,,42165.12,22325.33,4405.96
GRID,9475,,42340.12,22228.44,4405.30
GRID,9476,,42515.11,22131.56,4405.41
GRID,9477,,41834.29,23354.73,4402.41
GRID,9478,,42009.29,23257.84,4398.50
GRID,9479,,42184.29,23160.96,4395.03
GRID,9480,,42359.29,23064.08,4392.22
GRID,9481,,42534.28,22967.19,4390.33
GRID,9482,,42709.28,22870.31,4389.43
GRID,9483,,42884.28,22773.42,4389.31
GRID,9484,,42378.46,23899.71,4383.01
GRID,9485,,42553.45,23802.82,4379.32
GRID,9486,,42728.45,23705.94,4376.32
GRID,9487,,42903.45,23609.05,4374.26
GRID,9488,,43078.45,23512.17,4373.18
GRID,9489,,43253.44,23415.28,4372.88
GRID,9490,,42747.62,24541.57,4367.32
GRID,9491,,42922.62,24444.69,4363.39
GRID,9492,,43097.61,24347.80,4360.16
GRID,9493,,43272.61,24250.92,4357.90
GRID,9494,,43447.61,24154.03,4356.63
GRID,9495,,43622.61,24057.15,4356.14
GRID,9496,,43116.78,25183.43,4351.33
GRID,9497,,43291.78,25086.55,4347.27
GRID,9498,,43466.78,24989.66,4343.89
GRID,9499,,43641.78,24892.78,4341.47
GRID,9500,,43816.77,24795.89,4340.06
GRID,9501,,43991.77,24699.01,4339.39
GRID,9502,,43660.95,25728.41,4331.05
GRID,9503,,43835.94,25631.53,4327.65
GRID,9504,,44010.94,25534.64,4325.15
GRID,9505,,44185.93,25437.76,4323.60
GRID,9506,,44360.93,25340.87,4322.72
GRID,9507,,44030.11,26370.27,4315.07
GRID,9508,,44205.11,26273.39,4311.75
GRID,9509,,44380.11,26176.50,4309.26
GRID,9510,,44555.10,26079.62,4307.62
GRID,9511,,44730.10,25982.73,4306.50
GRID,9512,,44574.27,26915.25,4296.83
GRID,9513,,44749.27,26818.37,4294.37
GRID,9514,,44924.26,26721.48,4292.64
GRID,9515,,45099.26,26624.60,4291.29
GRID,9516,,44943.43,27557.11,4281.86
GRID,9517,,45118.43,27460.23,4280.06
GRID,9518,,45293.43,27363.34,4278.73
GRID,9519,,45468.43,27266.46,4277.53
GRID,9520,,45487.59,28102.09,4262.07
GRID,9521,,45662.59,28005.21,4262.34
GRID,9522,,45837.59,27908.32,4262.16
GRID,9523,,45856.76,28743.95,4229.55
GRID,9524,,46031.76,28647.07,4232.50
GRID,9525,,46206.75,28550.18,4235.69
GRID,9526,,46454.16,29381.50,4182.95
GRID,9527,,46684.88,29381.50,4181.58
GRID*    9528                           30915.20703125  3166.33715820313
*       3858.27709960938
GRID*    9529                           31107.7734375   3100.
*       3836.5869140625
GRID*    9530                           29321.060546875 3202.66552734375
*       3981.32470703125
GRID*    9531                           29492.734375    3100.
*       3944.25854492188
GRID*    9532                           27901.9140625   3142.10986328125
*       4144.91796875
GRID*    9533                           28108.4140625   3100.00024414063
*       4107.51953125
$-------+-------+-------+-------+-------+-------+-------+-------+-------+-------
$ rib number 2
CQUAD4,5006,1,1124,4757,9001,1117
CQUAD4,5007,1,4757,4350,4347,9001
CQUAD4,5008,1,1117,9001,9002,1113
CQUAD4,5009,1,9001,4347,4339,9002
CQUAD4,5010,1,1113,9002,9003,1109
CQUAD4,5011,1,9002,4339,4319,9003
CQUAD4,5012,1,1109,9003,9004,1105
CQUAD4,5013,1,9003,4319,4291,9004
CQUAD4,5014,1,1105,9004,9005,1104
CQUAD4,5015,1,9004,4291,4255,9005
CQUAD4,5016,1,1104,9005,9532,1103
CQUAD4,6507,1,9005,4255,4256,9532
CQUAD4,6505,1,1103,9532,9533,1097
CQUAD4,6506,1,9532,4256,4159,9533
$-------+-------+-------+-------+-------+-------+-------+-------+-------+-------
$ rib number 3
CQUAD4,5017,1,1126,4763,9006,1125
CQUAD4,5018,1,4763,4352,4345,9006
CQUAD4,5019,1,1125,9006,9007,1077
CQUAD4,5020,1,9006,4345,4335,9007
CQUAD4,5021,1,1077,9007,9008,1073
CQUAD4,5022,1,9007,4335,4315,9008
CQUAD4,5023,1,1073,9008,9009,1069
CQUAD4,5024,1,9008,4315,4287,9009
CQUAD4,5025,1,1069,9009,9010,1065
CQUAD4,5026,1,9009,4287,4251,9010
CQUAD4,5027,1,1065,9010,9011,1061
CQUAD4,5028,1,9010,4251,4207,9011
CQUAD4,5029,1,1061,9011,9012,1057
CQUAD4,5030,1,9011,4207,4155,9012
CQUAD4,5031,1,1057,9012,9013,1053
CQUAD4,5032,1,9012,4155,4095,9013
CQUAD4,5033,1,1053,9013,9014,1049
CQUAD4,5034,1,9013,4095,4027,9014
CQUAD4,5035,1,1049,9014,9015,1045
CQUAD4,5036,1,9014,4027,3951,9015
CQUAD4,5037,1,1045,9015,9016,1041
CQUAD4,5038,1,9015,3951,3867,9016
CQUAD4,5039,1,1041,9016,9530,1042 
CQUAD4,5040,1,9016,3867,3868,9530 
CQUAD4,6503,1,1042,9530,9531,4711
CQUAD4,6504,1,9530,3868,4700,9531
$-------+-------+-------+-------+-------+-------+-------+-------+-------+-------
$ rib number 4
CQUAD4,5043,1,2174,4769,9017,1079
CQUAD4,5044,1,4769,4330,4327,9017
CQUAD4,5045,1,1079,9017,9018,1075
CQUAD4,5046,1,9017,4327,4311,9018
CQUAD4,5047,1,1075,9018,9019,1071
CQUAD4,5048,1,9018,4311,4283,9019
CQUAD4,5049,1,1071,9019,9020,1067
CQUAD4,5050,1,9019,4283,4247,9020
CQUAD4,5051,1,1067,9020,9021,1063
CQUAD4,5052,1,9020,4247,4203,9021
CQUAD4,5053,1,1063,9021,9022,1059
CQUAD4,5054,1,9021,4203,4151,9022
CQUAD4,5055,1,1059,9022,9023,1055
CQUAD4,5056,1,9022,4151,4091,9023
CQUAD4,5057,1,1055,9023,9024,1051
CQUAD4,5058,1,9023,4091,4023,9024
CQUAD4,5059,1,1051,9024,9025,1047
CQUAD4,5060,1,9024,4023,3947,9025
CQUAD4,5061,1,1047,9025,9026,1043
CQUAD4,5062,1,9025,3947,3863,9026
CQUAD4,5063,1,1043,9026,9027,1044
CQUAD4,5064,1,9026,3863,3771,9027
CQUAD4,5065,1,1044,9027,9028,1583
CQUAD4,5066,1,9027,3771,3675,9028
CQUAD4,5067,1,1583,9028,9029,1039
CQUAD4,5068,1,9028,3675,3567,9029
CQUAD4,5069,1,1039,9029,9030,1035
CQUAD4,5070,1,9029,3567,3451,9030
CQUAD4,5071,1,1035,9030,9031,1031
CQUAD4,5072,1,9030,3451,3327,9031
CQUAD4,5073,1,1031,9031,9032,1011
CQUAD4,5074,1,9031,3327,3195,9032
CQUAD4,5075,1,1011,9032,9033,859
CQUAD4,5076,1,9032,3195,3047,9033
CQUAD4,5077,1,859,9033,9528,860
CQUAD4,5078,1,9033,3047,3048,9528
CQUAD4,6501,1,860,9528,9529,567
CQUAD4,6502,1,9528,3048,2747,9529
$-------+-------+-------+-------+-------+-------+-------+-------+-------+-------
$ rib number 5
CQUAD4,5081,1,2176,4775,9034,2175
CQUAD4,5082,1,4775,4332,4325,9034
CQUAD4,5083,1,2175,9034,9035,2157
CQUAD4,5084,1,9034,4325,4307,9035
CQUAD4,5085,1,2157,9035,9036,2133
CQUAD4,5086,1,9035,4307,4279,9036
CQUAD4,5087,1,2133,9036,9037,2105
CQUAD4,5088,1,9036,4279,4243,9037
CQUAD4,5089,1,2105,9037,9038,2065
CQUAD4,5090,1,9037,4243,4199,9038
CQUAD4,5091,1,2065,9038,9039,2021
CQUAD4,5092,1,9038,4199,4147,9039
CQUAD4,5093,1,2021,9039,9040,1969
CQUAD4,5094,1,9039,4147,4087,9040
CQUAD4,5095,1,1969,9040,9041,1909
CQUAD4,5096,1,9040,4087,4019,9041
CQUAD4,5097,1,1909,9041,9042,1841
CQUAD4,5098,1,9041,4019,3943,9042
CQUAD4,5099,1,1841,9042,9043,1765
CQUAD4,5100,1,9042,3943,3859,9043
CQUAD4,5101,1,1765,9043,9044,1673
CQUAD4,5102,1,9043,3859,3767,9044
CQUAD4,5103,1,1673,9044,9045,1577
CQUAD4,5104,1,9044,3767,3671,9045
CQUAD4,5105,1,1577,9045,9046,1473
CQUAD4,5106,1,9045,3671,3563,9046
CQUAD4,5107,1,1473,9046,9047,1357
CQUAD4,5108,1,9046,3563,3447,9047
CQUAD4,5109,1,1357,9047,9048,1237
CQUAD4,5110,1,9047,3447,3323,9048
CQUAD4,5111,1,1237,9048,9049,1005
CQUAD4,5112,1,9048,3323,3191,9049
CQUAD4,5113,1,1005,9049,9050,853
CQUAD4,5114,1,9049,3191,3043,9050
CQUAD4,5115,1,853,9050,9051,713
CQUAD4,5116,1,9050,3043,2899,9051
CQUAD4,5117,1,713,9051,9052,561
CQUAD4,5118,1,9051,2899,2743,9052
CQUAD4,5119,1,561,9052,9053,393
CQUAD4,5120,1,9052,2743,2579,9053
CQUAD4,5121,1,393,9053,9054,174
CQUAD4,5122,1,9053,2579,2298,9054
CQUAD4,5123,1,174,9054,9055,173
CQUAD4,5124,1,9054,2298,2297,9055
CQUAD4,5125,1,173,9055,9056,217
CQUAD4,5126,1,9055,2297,2361,9056
CQUAD4,5127,1,217,9056,9057,225
CQUAD4,5128,1,9056,2361,2405,9057
CQUAD4,5129,1,225,9057,5020,228
CQUAD4,5130,1,9057,2405,2408,5020
$-------+-------+-------+-------+-------+-------+-------+-------+-------+-------
$ rib number 6
CQUAD4,5133,1,2172,4781,9058,2163
CQUAD4,5134,1,4781,4302,4299,9058
CQUAD4,5135,1,2163,9058,9059,2129
CQUAD4,5136,1,9058,4299,4275,9059
CQUAD4,5137,1,2129,9059,9060,2101
CQUAD4,5138,1,9059,4275,4239,9060
CQUAD4,5139,1,2101,9060,9061,2061
CQUAD4,5140,1,9060,4239,4195,9061
CQUAD4,5141,1,2061,9061,9062,2017
CQUAD4,5142,1,9061,4195,4143,9062
CQUAD4,5143,1,2017,9062,9063,1965
CQUAD4,5144,1,9062,4143,4083,9063
CQUAD4,5145,1,1965,9063,9064,1905
CQUAD4,5146,1,9063,4083,4015,9064
CQUAD4,5147,1,1905,9064,9065,1837
CQUAD4,5148,1,9064,4015,3939,9065
CQUAD4,5149,1,1837,9065,9066,1761
CQUAD4,5150,1,9065,3939,3855,9066
CQUAD4,5151,1,1761,9066,9067,1669
CQUAD4,5152,1,9066,3855,3763,9067
CQUAD4,5153,1,1669,9067,9068,1573
CQUAD4,5154,1,9067,3763,3667,9068
CQUAD4,5155,1,1573,9068,9069,1469
CQUAD4,5156,1,9068,3667,3559,9069
CQUAD4,5157,1,1469,9069,9070,1353
CQUAD4,5158,1,9069,3559,3443,9070
CQUAD4,5159,1,1353,9070,9071,1233
CQUAD4,5160,1,9070,3443,3319,9071
CQUAD4,5161,1,1233,9071,9072,1001
CQUAD4,5162,1,9071,3319,3187,9072
CQUAD4,5163,1,1001,9072,9073,849
CQUAD4,5164,1,9072,3187,3039,9073
CQUAD4,5165,1,849,9073,9074,715
CQUAD4,5166,1,9073,3039,2895,9074
CQUAD4,5167,1,715,9074,9075,557
CQUAD4,5168,1,9074,2895,2739,9075
CQUAD4,5169,1,557,9075,9076,389
CQUAD4,5170,1,9075,2739,2575,9076
CQUAD4,5171,1,389,9076,9077,170
CQUAD4,5172,1,9076,2575,2302,9077
CQUAD4,5173,1,170,9077,9078,169
CQUAD4,5174,1,9077,2302,2301,9078
CQUAD4,5175,1,169,9078,9079,213
CQUAD4,5176,1,9078,2301,2365,9079
CQUAD4,5177,1,213,9079,9080,223
CQUAD4,5178,1,9079,2365,2413,9080
CQUAD4,5179,1,223,9080,5026,230
CQUAD4,5180,1,9080,2413,2416,5026
$-------+-------+-------+-------+-------+-------+-------+-------+-------+-------
$ rib number 7
CQUAD4,5183,1,2170,4787,9081,2167
CQUAD4,5184,1,4787,4304,4297,9081
CQUAD4,5185,1,2167,9081,9082,2125
CQUAD4,5186,1,9081,4297,4271,9082
CQUAD4,5187,1,2125,9082,9083,2097
CQUAD4,5188,1,9082,4271,4235,9083
CQUAD4,5189,1,2097,9083,9084,2057
CQUAD4,5190,1,9083,4235,4191,9084
CQUAD4,5191,1,2057,9084,9085,2013
CQUAD4,5192,1,9084,4191,4139,9085
CQUAD4,5193,1,2013,9085,9086,1961
CQUAD4,5194,1,9085,4139,4079,9086
CQUAD4,5195,1,1961,9086,9087,1901
CQUAD4,5196,1,9086,4079,4011,9087
CQUAD4,5197,1,1901,9087,9088,1833
CQUAD4,5198,1,9087,4011,3935,9088
CQUAD4,5199,1,1833,9088,9089,1757
CQUAD4,5200,1,9088,3935,3851,9089
CQUAD4,5201,1,1757,9089,9090,1665
CQUAD4,5202,1,9089,3851,3759,9090
CQUAD4,5203,1,1665,9090,9091,1569
CQUAD4,5204,1,9090,3759,3663,9091
CQUAD4,5205,1,1569,9091,9092,1465
CQUAD4,5206,1,9091,3663,3555,9092
CQUAD4,5207,1,1465,9092,9093,1349
CQUAD4,5208,1,9092,3555,3439,9093
CQUAD4,5209,1,1349,9093,9094,1229
CQUAD4,5210,1,9093,3439,3315,9094
CQUAD4,5211,1,1229,9094,9095,997
CQUAD4,5212,1,9094,3315,3183,9095
CQUAD4,5213,1,997,9095,9096,841
CQUAD4,5214,1,9095,3183,3035,9096
CQUAD4,5215,1,841,9096,9097,709
CQUAD4,5216,1,9096,3035,2891,9097
CQUAD4,5217,1,709,9097,9098,553
CQUAD4,5218,1,9097,2891,2735,9098
CQUAD4,5219,1,553,9098,9099,385
CQUAD4,5220,1,9098,2735,2571,9099
CQUAD4,5221,1,385,9099,9100,166
CQUAD4,5222,1,9099,2571,2306,9100
CQUAD4,5223,1,166,9100,9101,165
CQUAD4,5224,1,9100,2306,2305,9101
CQUAD4,5225,1,165,9101,9102,203
CQUAD4,5226,1,9101,2305,2369,9102
CQUAD4,5227,1,203,9102,5032,204
CQUAD4,5228,1,9102,2369,2378,5032
$-------+-------+-------+-------+-------+-------+-------+-------+-------+-------
$ rib number 8
CQUAD4,5231,1,2124,4793,9103,2117
CQUAD4,5232,1,4793,4266,4263,9103
CQUAD4,5233,1,2117,9103,9104,2093
CQUAD4,5234,1,9103,4263,4231,9104
CQUAD4,5235,1,2093,9104,9105,2053
CQUAD4,5236,1,9104,4231,4187,9105
CQUAD4,5237,1,2053,9105,9106,2009
CQUAD4,5238,1,9105,4187,4135,9106
CQUAD4,5239,1,2009,9106,9107,1957
CQUAD4,5240,1,9106,4135,4075,9107
CQUAD4,5241,1,1957,9107,9108,1897
CQUAD4,5242,1,9107,4075,4007,9108
CQUAD4,5243,1,1897,9108,9109,1829
CQUAD4,5244,1,9108,4007,3931,9109
CQUAD4,5245,1,1829,9109,9110,1753
CQUAD4,5246,1,9109,3931,3847,9110
CQUAD4,5247,1,1753,9110,9111,1661
CQUAD4,5248,1,9110,3847,3755,9111
CQUAD4,5249,1,1661,9111,9112,1565
CQUAD4,5250,1,9111,3755,3659,9112
CQUAD4,5251,1,1565,9112,9113,1461
CQUAD4,5252,1,9112,3659,3551,9113
CQUAD4,5253,1,1461,9113,9114,1345
CQUAD4,5254,1,9113,3551,3435,9114
CQUAD4,5255,1,1345,9114,9115,1225
CQUAD4,5256,1,9114,3435,3311,9115
CQUAD4,5257,1,1225,9115,9116,993
CQUAD4,5258,1,9115,3311,3179,9116
CQUAD4,5259,1,993,9116,9117,837
CQUAD4,5260,1,9116,3179,3031,9117
CQUAD4,5261,1,837,9117,9118,705
CQUAD4,5262,1,9117,3031,2887,9118
CQUAD4,5263,1,705,9118,9119,549
CQUAD4,5264,1,9118,2887,2731,9119
CQUAD4,5265,1,549,9119,9120,381
CQUAD4,5266,1,9119,2731,2567,9120
CQUAD4,5267,1,381,9120,9121,162
CQUAD4,5268,1,9120,2567,2310,9121
CQUAD4,5269,1,162,9121,9122,161
CQUAD4,5270,1,9121,2310,2309,9122
CQUAD4,5271,1,161,9122,9123,195
CQUAD4,5272,1,9122,2309,2373,9123
CQUAD4,5273,1,195,9123,5038,196
CQUAD4,5274,1,9123,2373,2376,5038
$-------+-------+-------+-------+-------+-------+-------+-------+-------+-------
$ rib number 9
CQUAD4,5277,1,2122,4799,9124,2119
CQUAD4,5278,1,4799,4268,4261,9124
CQUAD4,5279,1,2119,9124,9125,2089
CQUAD4,5280,1,9124,4261,4227,9125
CQUAD4,5281,1,2089,9125,9126,2049
CQUAD4,5282,1,9125,4227,4183,9126
CQUAD4,5283,1,2049,9126,9127,2005
CQUAD4,5284,1,9126,4183,4131,9127
CQUAD4,5285,1,2005,9127,9128,1953
CQUAD4,5286,1,9127,4131,4071,9128
CQUAD4,5287,1,1953,9128,9129,1893
CQUAD4,5288,1,9128,4071,4003,9129
CQUAD4,5289,1,1893,9129,9130,1825
CQUAD4,5290,1,9129,4003,3927,9130
CQUAD4,5291,1,1825,9130,9131,1749
CQUAD4,5292,1,9130,3927,3843,9131
CQUAD4,5293,1,1749,9131,9132,1657
CQUAD4,5294,1,9131,3843,3751,9132
CQUAD4,5295,1,1657,9132,9133,1561
CQUAD4,5296,1,9132,3751,3655,9133
CQUAD4,5297,1,1561,9133,9134,1457
CQUAD4,5298,1,9133,3655,3547,9134
CQUAD4,5299,1,1457,9134,9135,1341
CQUAD4,5300,1,9134,3547,3431,9135
CQUAD4,5301,1,1341,9135,9136,1221
CQUAD4,5302,1,9135,3431,3307,9136
CQUAD4,5303,1,1221,9136,9137,989
CQUAD4,5304,1,9136,3307,3175,9137
CQUAD4,5305,1,989,9137,9138,833
CQUAD4,5306,1,9137,3175,3027,9138
CQUAD4,5307,1,833,9138,9139,701
CQUAD4,5308,1,9138,3027,2883,9139
CQUAD4,5309,1,701,9139,9140,545
CQUAD4,5310,1,9139,2883,2727,9140
CQUAD4,5311,1,545,9140,9141,377
CQUAD4,5312,1,9140,2727,2563,9141
CQUAD4,5313,1,377,9141,9142,158
CQUAD4,5314,1,9141,2563,2314,9142
CQUAD4,5315,1,158,9142,9143,157
CQUAD4,5316,1,9142,2314,2313,9143
CQUAD4,5317,1,157,9143,9144,187
CQUAD4,5318,1,9143,2313,2381,9144
CQUAD4,5319,1,187,9144,5044,188
CQUAD4,5320,1,9144,2381,2384,5044
$-------+-------+-------+-------+-------+-------+-------+-------+-------+-------
$ rib number 10
CQUAD4,5323,1,2088,4805,9145,2081
CQUAD4,5324,1,4805,4222,4219,9145
CQUAD4,5325,1,2081,9145,9146,2045
CQUAD4,5326,1,9145,4219,4179,9146
CQUAD4,5327,1,2045,9146,9147,2001
CQUAD4,5328,1,9146,4179,4127,9147
CQUAD4,5329,1,2001,9147,9148,1949
CQUAD4,5330,1,9147,4127,4067,9148
CQUAD4,5331,1,1949,9148,9149,1889
CQUAD4,5332,1,9148,4067,3999,9149
CQUAD4,5333,1,1889,9149,9150,1821
CQUAD4,5334,1,9149,3999,3923,9150
CQUAD4,5335,1,1821,9150,9151,1745
CQUAD4,5336,1,9150,3923,3839,9151
CQUAD4,5337,1,1745,9151,9152,1653
CQUAD4,5338,1,9151,3839,3747,9152
CQUAD4,5339,1,1653,9152,9153,1557
CQUAD4,5340,1,9152,3747,3651,9153
CQUAD4,5341,1,1557,9153,9154,1453
CQUAD4,5342,1,9153,3651,3543,9154
CQUAD4,5343,1,1453,9154,9155,1337
CQUAD4,5344,1,9154,3543,3427,9155
CQUAD4,5345,1,1337,9155,9156,1217
CQUAD4,5346,1,9155,3427,3303,9156
CQUAD4,5347,1,1217,9156,9157,985
CQUAD4,5348,1,9156,3303,3171,9157
CQUAD4,5349,1,985,9157,9158,829
CQUAD4,5350,1,9157,3171,3023,9158
CQUAD4,5351,1,829,9158,9159,697
CQUAD4,5352,1,9158,3023,2879,9159
CQUAD4,5353,1,697,9159,9160,541
CQUAD4,5354,1,9159,2879,2723,9160
CQUAD4,5355,1,541,9160,9161,373
CQUAD4,5356,1,9160,2723,2559,9161
CQUAD4,5357,1,373,9161,9162,154
CQUAD4,5358,1,9161,2559,2318,9162
CQUAD4,5359,1,154,9162,9163,153
CQUAD4,5360,1,9162,2318,2317,9163
CQUAD4,5361,1,153,9163,9164,179
CQUAD4,5362,1,9163,2317,2389,9164
CQUAD4,5363,1,179,180,5050,9164
CQUAD4,5364,1,9164,2389,2392,5050
$-------+-------+-------+-------+-------+-------+-------+-------+-------+-------
$ rib number 11
CQUAD4,5367,1,2080,4811,9165,2073
CQUAD4,5368,1,4811,4214,4211,9165
CQUAD4,5369,1,2073,9165,9166,2041
CQUAD4,5370,1,9165,4211,4175,9166
CQUAD4,5371,1,2041,9166,9167,1997
CQUAD4,5372,1,9166,4175,4123,9167
CQUAD4,5373,1,1997,9167,9168,1945
CQUAD4,5374,1,9167,4123,4063,9168
CQUAD4,5375,1,1945,9168,9169,1885
CQUAD4,5376,1,9168,4063,3995,9169
CQUAD4,5377,1,1885,9169,9170,1817
CQUAD4,5378,1,9169,3995,3919,9170
CQUAD4,5379,1,1817,9170,9171,1741
CQUAD4,5380,1,9170,3919,3835,9171
CQUAD4,5381,1,1741,9171,9172,1649
CQUAD4,5382,1,9171,3835,3743,9172
CQUAD4,5383,1,1649,9172,9173,1553
CQUAD4,5384,1,9172,3743,3647,9173
CQUAD4,5385,1,1553,9173,9174,1449
CQUAD4,5386,1,9173,3647,3539,9174
CQUAD4,5387,1,1449,9174,9175,1333
CQUAD4,5388,1,9174,3539,3423,9175
CQUAD4,5389,1,1333,9175,9176,1213
CQUAD4,5390,1,9175,3423,3299,9176
CQUAD4,5391,1,1213,9176,9177,981
CQUAD4,5392,1,9176,3299,3167,9177
CQUAD4,5393,1,981,9177,9178,825
CQUAD4,5394,1,9177,3167,3019,9178
CQUAD4,5395,1,825,9178,9179,693
CQUAD4,5396,1,9178,3019,2875,9179
CQUAD4,5397,1,693,9179,9180,537
CQUAD4,5398,1,9179,2875,2719,9180
CQUAD4,5399,1,537,9180,9181,369
CQUAD4,5400,1,9180,2719,2555,9181
CQUAD4,5401,1,369,9181,9182,150
CQUAD4,5402,1,9181,2555,2322,9182
CQUAD4,5403,1,150,9182,9183,149
CQUAD4,5404,1,9182,2322,2321,9183
CQUAD4,5405,1,149,9183,9184,181
CQUAD4,5406,1,9183,2321,2397,9184
CQUAD4,5407,1,181,9184,5056,182
CQUAD4,5408,1,9184,2397,2400,5056
$-------+-------+-------+-------+-------+-------+-------+-------+-------+-------
$ rib number 12
CQUAD4,5411,1,2078,4817,9185,2075
CQUAD4,5412,1,4817,4216,4209,9185
CQUAD4,5413,1,2075,9185,9186,2037
CQUAD4,5414,1,9185,4209,4171,9186
CQUAD4,5415,1,2037,9186,9187,1993
CQUAD4,5416,1,9186,4171,4119,9187
CQUAD4,5417,1,1993,9187,9188,1941
CQUAD4,5418,1,9187,4119,4059,9188
CQUAD4,5419,1,1941,9188,9189,1881
CQUAD4,5420,1,9188,4059,3991,9189
CQUAD4,5421,1,1881,9189,9190,1813
CQUAD4,5422,1,9189,3991,3915,9190
CQUAD4,5423,1,1813,9190,9191,1737
CQUAD4,5424,1,9190,3915,3831,9191
CQUAD4,5425,1,1737,9191,9192,1645
CQUAD4,5426,1,9191,3831,3739,9192
CQUAD4,5427,1,1645,9192,9193,1549
CQUAD4,5428,1,9192,3739,3643,9193
CQUAD4,5429,1,1549,9193,9194,1445
CQUAD4,5430,1,9193,3643,3535,9194
CQUAD4,5431,1,1445,9194,9195,1329
CQUAD4,5432,1,9194,3535,3419,9195
CQUAD4,5433,1,1329,9195,9196,1209
CQUAD4,5434,1,9195,3419,3295,9196
CQUAD4,5435,1,1209,9196,9197,977
CQUAD4,5436,1,9196,3295,3163,9197
CQUAD4,5437,1,977,9197,9198,821
CQUAD4,5438,1,9197,3163,3015,9198
CQUAD4,5439,1,821,9198,9199,689
CQUAD4,5440,1,9198,3015,2871,9199
CQUAD4,5441,1,689,9199,9200,533
CQUAD4,5442,1,9199,2871,2715,9200
CQUAD4,5443,1,533,9200,9201,365
CQUAD4,5444,1,9200,2715,2551,9201
CQUAD4,5445,1,365,9201,9202,142
CQUAD4,5446,1,9201,2551,2326,9202
CQUAD4,5447,1,142,9202,9203,141
CQUAD4,5448,1,9202,2326,2325,9203
CQUAD4,5449,1,141,9203,5062,144
CQUAD4,5450,1,9203,2325,2330,5062
$-------+-------+-------+-------+-------+-------+-------+-------+-------+-------
$ rib number 13
CQUAD4,5453,1,2036,4823,9204,2029
CQUAD4,5454,1,4823,4166,4163,9204
CQUAD4,5455,1,2029,9204,9205,1989
CQUAD4,5456,1,9204,4163,4115,9205
CQUAD4,5457,1,1989,9205,9206,1937
CQUAD4,5458,1,9205,4115,4055,9206
CQUAD4,5459,1,1937,9206,9207,1877
CQUAD4,5460,1,9206,4055,3987,9207
CQUAD4,5461,1,1877,9207,9208,1809
CQUAD4,5462,1,9207,3987,3911,9208
CQUAD4,5463,1,1809,9208,9209,1733
CQUAD4,5464,1,9208,3911,3827,9209
CQUAD4,5465,1,1733,9209,9210,1641
CQUAD4,5466,1,9209,3827,3735,9210
CQUAD4,5467,1,1641,9210,9211,1545
CQUAD4,5468,1,9210,3735,3639,9211
CQUAD4,5469,1,1545,9211,9212,1441
CQUAD4,5470,1,9211,3639,3531,9212
CQUAD4,5471,1,1441,9212,9213,1325
CQUAD4,5472,1,9212,3531,3415,9213
CQUAD4,5473,1,1325,9213,9214,1205
CQUAD4,5474,1,9213,3415,3291,9214
CQUAD4,5475,1,1205,9214,9215,973
CQUAD4,5476,1,9214,3291,3159,9215
CQUAD4,5477,1,973,9215,9216,817
CQUAD4,5478,1,9215,3159,3011,9216
CQUAD4,5479,1,817,9216,9217,685
CQUAD4,5480,1,9216,3011,2867,9217
CQUAD4,5481,1,685,9217,9218,529
CQUAD4,5482,1,9217,2867,2711,9218
CQUAD4,5483,1,529,9218,9219,361
CQUAD4,5484,1,9218,2711,2547,9219
CQUAD4,5485,1,361,9219,9220,134
CQUAD4,5486,1,9219,2547,2334,9220
CQUAD4,5487,1,134,9220,9221,133
CQUAD4,5488,1,9220,2334,2327,9221
CQUAD4,5489,1,133,9221,5068,136
CQUAD4,5490,1,9221,2327,2328,5068
$-------+-------+-------+-------+-------+-------+-------+-------+-------+-------
$ rib number 14
CQUAD4,5493,1,2034,4829,9222,2031
CQUAD4,5494,1,4829,4168,4161,9222
CQUAD4,5495,1,2031,9222,9223,1985
CQUAD4,5496,1,9222,4161,4111,9223
CQUAD4,5497,1,1985,9223,9224,1933
CQUAD4,5498,1,9223,4111,4051,9224
CQUAD4,5499,1,1933,9224,9225,1873
CQUAD4,5500,1,9224,4051,3983,9225
CQUAD4,5501,1,1873,9225,9226,1805
CQUAD4,5502,1,9225,3983,3907,9226
CQUAD4,5503,1,1805,9226,9227,1729
CQUAD4,5504,1,9226,3907,3823,9227
CQUAD4,5505,1,1729,9227,9228,1637
CQUAD4,5506,1,9227,3823,3731,9228
CQUAD4,5507,1,1637,9228,9229,1541
CQUAD4,5508,1,9228,3731,3635,9229
CQUAD4,5509,1,1541,9229,9230,1437
CQUAD4,5510,1,9229,3635,3527,9230
CQUAD4,5511,1,1437,9230,9231,1321
CQUAD4,5512,1,9230,3527,3411,9231
CQUAD4,5513,1,1321,9231,9232,1201
CQUAD4,5514,1,9231,3411,3287,9232
CQUAD4,5515,1,1201,9232,9233,969
CQUAD4,5516,1,9232,3287,3155,9233
CQUAD4,5517,1,969,9233,9234,813
CQUAD4,5518,1,9233,3155,3007,9234
CQUAD4,5519,1,813,9234,9235,681
CQUAD4,5520,1,9234,3007,2863,9235
CQUAD4,5521,1,681,9235,9236,525
CQUAD4,5522,1,9235,2863,2707,9236
CQUAD4,5523,1,525,9236,9237,357
CQUAD4,5524,1,9236,2707,2543,9237
CQUAD4,5525,1,357,9237,9238,126
CQUAD4,5526,1,9237,2543,2342,9238
CQUAD4,5527,1,126,9238,9239,125
CQUAD4,5528,1,9238,2342,2335,9239
CQUAD4,5529,1,125,128,5074,9239
CQUAD4,5530,1,9239,2335,2336,5074
$-------+-------+-------+-------+-------+-------+-------+-------+-------+-------
$ rib number 15
CQUAD4,5533,1,1984,4835,9240,1977
CQUAD4,5534,1,4835,4106,4103,9240
CQUAD4,5535,1,1977,9240,9241,1929
CQUAD4,5536,1,9240,4103,4047,9241
CQUAD4,5537,1,1929,9241,9242,1869
CQUAD4,5538,1,9241,4047,3979,9242
CQUAD4,5539,1,1869,9242,9243,1801
CQUAD4,5540,1,9242,3979,3903,9243
CQUAD4,5541,1,1801,9243,9244,1725
CQUAD4,5542,1,9243,3903,3819,9244
CQUAD4,5543,1,1725,9244,9245,1633
CQUAD4,5544,1,9244,3819,3727,9245
CQUAD4,5545,1,1633,9245,9246,1537
CQUAD4,5546,1,9245,3727,3631,9246
CQUAD4,5547,1,1537,9246,9247,1433
CQUAD4,5548,1,9246,3631,3523,9247
CQUAD4,5549,1,1433,9247,9248,1317
CQUAD4,5550,1,9247,3523,3407,9248
CQUAD4,5551,1,1317,9248,9249,1197
CQUAD4,5552,1,9248,3407,3283,9249
CQUAD4,5553,1,1197,9249,9250,965
CQUAD4,5554,1,9249,3283,3151,9250
CQUAD4,5555,1,965,9250,9251,809
CQUAD4,5556,1,9250,3151,3003,9251
CQUAD4,5557,1,809,9251,9252,677
CQUAD4,5558,1,9251,3003,2859,9252
CQUAD4,5559,1,677,9252,9253,521
CQUAD4,5560,1,9252,2859,2703,9253
CQUAD4,5561,1,521,9253,9254,353
CQUAD4,5562,1,9253,2703,2539,9254
CQUAD4,5563,1,353,9254,9255,118
CQUAD4,5564,1,9254,2539,2350,9255
CQUAD4,5565,1,118,9255,9256,117
CQUAD4,5566,1,9255,2350,2343,9256
CQUAD4,5567,1,117,120,5080,9256
CQUAD4,5568,1,9256,2343,2344,5080
$-------+-------+-------+-------+-------+-------+-------+-------+-------+-------
$ rib number 16
CQUAD4,5571,1,1982,4841,9257,1979
CQUAD4,5572,1,4841,4108,4101,9257
CQUAD4,5573,1,1979,9257,9258,1925
CQUAD4,5574,1,9257,4101,4043,9258
CQUAD4,5575,1,1925,9258,9259,1865
CQUAD4,5576,1,9258,4043,3975,9259
CQUAD4,5577,1,1865,9259,9260,1797
CQUAD4,5578,1,9259,3975,3899,9260
CQUAD4,5579,1,1797,9260,9261,1721
CQUAD4,5580,1,9260,3899,3815,9261
CQUAD4,5581,1,1721,9261,9262,1629
CQUAD4,5582,1,9261,3815,3723,9262
CQUAD4,5583,1,1629,9262,9263,1533
CQUAD4,5584,1,9262,3723,3627,9263
CQUAD4,5585,1,1533,9263,9264,1429
CQUAD4,5586,1,9263,3627,3519,9264
CQUAD4,5587,1,1429,9264,9265,1313
CQUAD4,5588,1,9264,3519,3403,9265
CQUAD4,5589,1,1313,9265,9266,1193
CQUAD4,5590,1,9265,3403,3279,9266
CQUAD4,5591,1,1193,9266,9267,961
CQUAD4,5592,1,9266,3279,3139,9267
CQUAD4,5593,1,961,9267,9268,805
CQUAD4,5594,1,9267,3139,2999,9268
CQUAD4,5595,1,805,9268,9269,673
CQUAD4,5596,1,9268,2999,2855,9269
CQUAD4,5597,1,673,9269,9270,517
CQUAD4,5598,1,9269,2855,2699,9270
CQUAD4,5599,1,517,9270,9271,349
CQUAD4,5600,1,9270,2699,2535,9271
CQUAD4,5601,1,349,9271,9272,116
CQUAD4,5602,1,9271,2535,2358,9272
CQUAD4,5603,1,116,9272,9273,115
CQUAD4,5604,1,9272,2358,2351,9273
CQUAD4,5605,1,115,122,4498,9273
CQUAD4,5606,1,9273,2351,2352,4498
$-------+-------+-------+-------+-------+-------+-------+-------+-------+-------
$ rib number 17
CQUAD4,5609,1,1924,4847,9274,1917
CQUAD4,5610,1,4847,4038,4035,9274
CQUAD4,5611,1,1917,9274,9275,1861
CQUAD4,5612,1,9274,4035,3971,9275
CQUAD4,5613,1,1861,9275,9276,1793
CQUAD4,5614,1,9275,3971,3895,9276
CQUAD4,5615,1,1793,9276,9277,1717
CQUAD4,5616,1,9276,3895,3811,9277
CQUAD4,5617,1,1717,9277,9278,1625
CQUAD4,5618,1,9277,3811,3719,9278
CQUAD4,5619,1,1625,9278,9279,1529
CQUAD4,5620,1,9278,3719,3623,9279
CQUAD4,5621,1,1529,9279,9280,1425
CQUAD4,5622,1,9279,3623,3515,9280
CQUAD4,5623,1,1425,9280,9281,1309
CQUAD4,5624,1,9280,3515,3399,9281
CQUAD4,5625,1,1309,9281,9282,1189
CQUAD4,5626,1,9281,3399,3275,9282
CQUAD4,5627,1,1189,9282,9283,957
CQUAD4,5628,1,9282,3275,3137,9283
CQUAD4,5629,1,957,9283,9284,801
CQUAD4,5630,1,9283,3137,2995,9284
CQUAD4,5631,1,801,9284,9285,669
CQUAD4,5632,1,9284,2995,2851,9285
CQUAD4,5633,1,669,9285,9286,513
CQUAD4,5634,1,9285,2851,2695,9286
CQUAD4,5635,1,513,9286,9287,345
CQUAD4,5636,1,9286,2695,2531,9287
CQUAD4,5637,1,345,9287,9288,111
CQUAD4,5638,1,9287,2531,2293,9288
CQUAD4,5639,1,111,9288,4495,112
CQUAD4,5640,1,9288,2293,2294,4495
$-------+-------+-------+-------+-------+-------+-------+-------+-------+-------
$ rib number 18
CQUAD4,5643,1,1922,4853,9289,1919
CQUAD4,5644,1,4853,4040,4033,9289
CQUAD4,5645,1,1919,9289,9290,1857
CQUAD4,5646,1,9289,4033,3967,9290
CQUAD4,5647,1,1857,9290,9291,1789
CQUAD4,5648,1,9290,3967,3891,9291
CQUAD4,5649,1,1789,9291,9292,1713
CQUAD4,5650,1,9291,3891,3807,9292
CQUAD4,5651,1,1713,9292,9293,1621
CQUAD4,5652,1,9292,3807,3715,9293
CQUAD4,5653,1,1621,9293,9294,1525
CQUAD4,5654,1,9293,3715,3619,9294
CQUAD4,5655,1,1525,9294,9295,1421
CQUAD4,5656,1,9294,3619,3511,9295
CQUAD4,5657,1,1421,9295,9296,1305
CQUAD4,5658,1,9295,3511,3395,9296
CQUAD4,5659,1,1305,9296,9297,1185
CQUAD4,5660,1,9296,3395,3271,9297
CQUAD4,5661,1,1185,9297,9298,953
CQUAD4,5662,1,9297,3271,3143,9298
CQUAD4,5663,1,953,9298,9299,797
CQUAD4,5664,1,9298,3143,2991,9299
CQUAD4,5665,1,797,9299,9300,665
CQUAD4,5666,1,9299,2991,2847,9300
CQUAD4,5667,1,665,9300,9301,509
CQUAD4,5668,1,9300,2847,2691,9301
CQUAD4,5669,1,509,9301,9302,341
CQUAD4,5670,1,9301,2691,2527,9302
CQUAD4,5671,1,341,9302,9303,107
CQUAD4,5672,1,9302,2527,2289,9303
CQUAD4,5673,1,107,9303,5092,108
CQUAD4,5674,1,9303,2289,2290,5092
$-------+-------+-------+-------+-------+-------+-------+-------+-------+-------
$ rib number 19
CQUAD4,5677,1,1856,4859,9304,1849
CQUAD4,5678,1,4859,3962,3959,9304
CQUAD4,5679,1,1849,9304,9305,1785
CQUAD4,5680,1,9304,3959,3887,9305
CQUAD4,5681,1,1785,9305,9306,1709
CQUAD4,5682,1,9305,3887,3803,9306
CQUAD4,5683,1,1709,9306,9307,1617
CQUAD4,5684,1,9306,3803,3711,9307
CQUAD4,5685,1,1617,9307,9308,1521
CQUAD4,5686,1,9307,3711,3615,9308
CQUAD4,5687,1,1521,9308,9309,1417
CQUAD4,5688,1,9308,3615,3507,9309
CQUAD4,5689,1,1417,9309,9310,1301
CQUAD4,5690,1,9309,3507,3391,9310
CQUAD4,5691,1,1301,9310,9311,1181
CQUAD4,5692,1,9310,3391,3267,9311
CQUAD4,5693,1,1181,9311,9312,949
CQUAD4,5694,1,9311,3267,3135,9312
CQUAD4,5695,1,949,9312,9313,793
CQUAD4,5696,1,9312,3135,2987,9313
CQUAD4,5697,1,793,9313,9314,661
CQUAD4,5698,1,9313,2987,2843,9314
CQUAD4,5699,1,661,9314,9315,505
CQUAD4,5700,1,9314,2843,2687,9315
CQUAD4,5701,1,505,9315,9316,337
CQUAD4,5702,1,9315,2687,2523,9316
CQUAD4,5703,1,337,9316,9317,103
CQUAD4,5704,1,9316,2523,2285,9317
CQUAD4,5705,1,103,9317,5098,104
CQUAD4,5706,1,9317,2285,2286,5098
$-------+-------+-------+-------+-------+-------+-------+-------+-------+-------
$ rib number 20
CQUAD4,5709,1,1854,4865,9318,1851
CQUAD4,5710,1,4865,3964,3957,9318
CQUAD4,5711,1,1851,9318,9319,1781
CQUAD4,5712,1,9318,3957,3883,9319
CQUAD4,5713,1,1781,9319,9320,1705
CQUAD4,5714,1,9319,3883,3799,9320
CQUAD4,5715,1,1705,9320,9321,1613
CQUAD4,5716,1,9320,3799,3707,9321
CQUAD4,5717,1,1613,9321,9322,1517
CQUAD4,5718,1,9321,3707,3611,9322
CQUAD4,5719,1,1517,9322,9323,1413
CQUAD4,5720,1,9322,3611,3503,9323
CQUAD4,5721,1,1413,9323,9324,1297
CQUAD4,5722,1,9323,3503,3387,9324
CQUAD4,5723,1,1297,9324,9325,1177
CQUAD4,5724,1,9324,3387,3263,9325
CQUAD4,5725,1,1177,9325,9326,945
CQUAD4,5726,1,9325,3263,3131,9326
CQUAD4,5727,1,945,9326,9327,789
CQUAD4,5728,1,9326,3131,2983,9327
CQUAD4,5729,1,789,9327,9328,657
CQUAD4,5730,1,9327,2983,2839,9328
CQUAD4,5731,1,657,9328,9329,501
CQUAD4,5732,1,9328,2839,2683,9329
CQUAD4,5733,1,501,9329,9330,333
CQUAD4,5734,1,9329,2683,2519,9330
CQUAD4,5735,1,333,9330,9331,99
CQUAD4,5736,1,9330,2519,2281,9331
CQUAD4,5737,1,99,9331,5104,100
CQUAD4,5738,1,9331,2281,2282,5104
$-------+-------+-------+-------+-------+-------+-------+-------+-------+-------
$ rib number 21
CQUAD4,5741,1,1780,4871,9332,1773
CQUAD4,5742,1,4871,3878,3875,9332
CQUAD4,5743,1,1773,9332,9333,1701
CQUAD4,5744,1,9332,3875,3795,9333
CQUAD4,5745,1,1701,9333,9334,1609
CQUAD4,5746,1,9333,3795,3703,9334
CQUAD4,5747,1,1609,9334,9335,1513
CQUAD4,5748,1,9334,3703,3607,9335
CQUAD4,5749,1,1513,9335,9336,1409
CQUAD4,5750,1,9335,3607,3499,9336
CQUAD4,5751,1,1409,9336,9337,1293
CQUAD4,5752,1,9336,3499,3383,9337
CQUAD4,5753,1,1293,9337,9338,1173
CQUAD4,5754,1,9337,3383,3259,9338
CQUAD4,5755,1,1173,9338,9339,941
CQUAD4,5756,1,9338,3259,3127,9339
CQUAD4,5757,1,941,9339,9340,785
CQUAD4,5758,1,9339,3127,2979,9340
CQUAD4,5759,1,785,9340,9341,653
CQUAD4,5760,1,9340,2979,2835,9341
CQUAD4,5761,1,653,9341,9342,497
CQUAD4,5762,1,9341,2835,2679,9342
CQUAD4,5763,1,497,9342,9343,329
CQUAD4,5764,1,9342,2679,2515,9343
CQUAD4,5765,1,329,9343,9344,95
CQUAD4,5766,1,9343,2515,2277,9344
CQUAD4,5767,1,95,9344,5110,96
CQUAD4,5768,1,9344,2277,2278,5110
$-------+-------+-------+-------+-------+-------+-------+-------+-------+-------
$ rib number 22
CQUAD4,5771,1,1778,4877,9345,1775
CQUAD4,5772,1,4877,3880,3873,9345
CQUAD4,5773,1,1775,9345,9346,1697
CQUAD4,5774,1,9345,3873,3791,9346
CQUAD4,5775,1,1697,9346,9347,1605
CQUAD4,5776,1,9346,3791,3699,9347
CQUAD4,5777,1,1605,9347,9348,1509
CQUAD4,5778,1,9347,3699,3603,9348
CQUAD4,5779,1,1509,9348,9349,1405
CQUAD4,5780,1,9348,3603,3495,9349
CQUAD4,5781,1,1405,9349,9350,1289
CQUAD4,5782,1,9349,3495,3379,9350
CQUAD4,5783,1,1289,9350,9351,1169
CQUAD4,5784,1,9350,3379,3255,9351
CQUAD4,5785,1,1169,9351,9352,937
CQUAD4,5786,1,9351,3255,3123,9352
CQUAD4,5787,1,937,9352,9353,781
CQUAD4,5788,1,9352,3123,2975,9353
CQUAD4,5789,1,781,9353,9354,649
CQUAD4,5790,1,9353,2975,2831,9354
CQUAD4,5791,1,649,9354,9355,493
CQUAD4,5792,1,9354,2831,2675,9355
CQUAD4,5793,1,493,9355,9356,325
CQUAD4,5794,1,9355,2675,2511,9356
CQUAD4,5795,1,325,9356,9357,91
CQUAD4,5796,1,9356,2511,2273,9357
CQUAD4,5797,1,91,9357,5116,92
CQUAD4,5798,1,9357,2273,2274,5116
$-------+-------+-------+-------+-------+-------+-------+-------+-------+-------
$ rib number 23
CQUAD4,5801,1,1696,4883,9358,1689
CQUAD4,5802,1,4883,3786,3783,9358
CQUAD4,5803,1,1689,9358,9359,1601
CQUAD4,5804,1,9358,3783,3695,9359
CQUAD4,5805,1,1601,9359,9360,1505
CQUAD4,5806,1,9359,3695,3599,9360
CQUAD4,5807,1,1505,9360,9361,1401
CQUAD4,5808,1,9360,3599,3491,9361
CQUAD4,5809,1,1401,9361,9362,1291
CQUAD4,5810,1,9361,3491,3375,9362
CQUAD4,5811,1,1291,9362,9363,1165
CQUAD4,5812,1,9362,3375,3251,9363
CQUAD4,5813,1,1165,9363,9364,933
CQUAD4,5814,1,9363,3251,3119,9364
CQUAD4,5815,1,933,9364,9365,777
CQUAD4,5816,1,9364,3119,2971,9365
CQUAD4,5817,1,777,9365,9366,645
CQUAD4,5818,1,9365,2971,2827,9366
CQUAD4,5819,1,645,9366,9367,489
CQUAD4,5820,1,9366,2827,2671,9367
CQUAD4,5821,1,489,9367,9368,321
CQUAD4,5822,1,9367,2671,2507,9368
CQUAD4,5823,1,321,9368,9369,87
CQUAD4,5824,1,9368,2507,2269,9369
CQUAD4,5825,1,87,9369,5122,88
CQUAD4,5826,1,9369,2269,2270,5122
$-------+-------+-------+-------+-------+-------+-------+-------+-------+-------
$ rib number 24
CQUAD4,5829,1,1688,4889,9370,1681
CQUAD4,5830,1,4889,3778,3775,9370
CQUAD4,5831,1,1681,9370,9371,1597
CQUAD4,5832,1,9370,3775,3691,9371
CQUAD4,5833,1,1597,9371,9372,1501
CQUAD4,5834,1,9371,3691,3595,9372
CQUAD4,5835,1,1501,9372,9373,1397
CQUAD4,5836,1,9372,3595,3487,9373
CQUAD4,5837,1,1397,9373,9374,1249
CQUAD4,5838,1,9373,3487,3371,9374
CQUAD4,5839,1,1249,9374,9375,1161
CQUAD4,5840,1,9374,3371,3247,9375
CQUAD4,5841,1,1161,9375,9376,929
CQUAD4,5842,1,9375,3247,3115,9376
CQUAD4,5843,1,929,9376,9377,773
CQUAD4,5844,1,9376,3115,2967,9377
CQUAD4,5845,1,773,9377,9378,641
CQUAD4,5846,1,9377,2967,2823,9378
CQUAD4,5847,1,641,9378,9379,485
CQUAD4,5848,1,9378,2823,2667,9379
CQUAD4,5849,1,485,9379,9380,323
CQUAD4,5850,1,9379,2667,2503,9380
CQUAD4,5851,1,323,9380,9381,83
CQUAD4,5852,1,9380,2503,2265,9381
CQUAD4,5853,1,83,9381,5128,84
CQUAD4,5854,1,9381,2265,2266,5128
$-------+-------+-------+-------+-------+-------+-------+-------+-------+-------
$ rib number 25
CQUAD4,5857,1,1686,4895,9382,1683
CQUAD4,5858,1,4895,3780,3773,9382
CQUAD4,5859,1,1683,9382,9383,1593
CQUAD4,5860,1,9382,3773,3687,9383
CQUAD4,5861,1,1593,9383,9384,1497
CQUAD4,5862,1,9383,3687,3591,9384
CQUAD4,5863,1,1497,9384,9385,1393
CQUAD4,5864,1,9384,3591,3483,9385
CQUAD4,5865,1,1393,9385,9386,1251
CQUAD4,5866,1,9385,3483,3367,9386
CQUAD4,5867,1,1251,9386,9387,1157
CQUAD4,5868,1,9386,3367,3243,9387
CQUAD4,5869,1,1157,9387,9388,925
CQUAD4,5870,1,9387,3243,3111,9388
CQUAD4,5871,1,925,9388,9389,769
CQUAD4,5872,1,9388,3111,2963,9389
CQUAD4,5873,1,769,9389,9390,637
CQUAD4,5874,1,9389,2963,2819,9390
CQUAD4,5875,1,637,9390,9391,481
CQUAD4,5876,1,9390,2819,2663,9391
CQUAD4,5877,1,481,9391,9392,317
CQUAD4,5878,1,9391,2663,2499,9392
CQUAD4,5879,1,317,9392,9393,79
CQUAD4,5880,1,9392,2499,2261,9393
CQUAD4,5881,1,79,9393,5134,80
CQUAD4,5882,1,9393,2261,2262,5134
$-------+-------+-------+-------+-------+-------+-------+-------+-------+-------
$ rib number 26
CQUAD4,5885,1,1592,4901,9394,1585
CQUAD4,5886,1,4901,3682,3679,9394
CQUAD4,5887,1,1585,9394,9395,1493
CQUAD4,5888,1,9394,3679,3587,9395
CQUAD4,5889,1,1493,9395,9396,1389
CQUAD4,5890,1,9395,3587,3479,9396
CQUAD4,5891,1,1389,9396,9397,1273
CQUAD4,5892,1,9396,3479,3363,9397
CQUAD4,5893,1,1273,9397,9398,1153
CQUAD4,5894,1,9397,3363,3239,9398
CQUAD4,5895,1,1153,9398,9399,921
CQUAD4,5896,1,9398,3239,3107,9399
CQUAD4,5897,1,921,9399,9400,765
CQUAD4,5898,1,9399,3107,2959,9400
CQUAD4,5899,1,765,9400,9401,633
CQUAD4,5900,1,9400,2959,2815,9401
CQUAD4,5901,1,633,9401,9402,477
CQUAD4,5902,1,9401,2815,2659,9402
CQUAD4,5903,1,477,9402,9403,297
CQUAD4,5904,1,9402,2659,2495,9403
CQUAD4,5905,1,297,9403,9404,75
CQUAD4,5906,1,9403,2495,2257,9404
CQUAD4,5907,1,75,9404,5140,76
CQUAD4,5908,1,9404,2257,2258,5140
$-------+-------+-------+-------+-------+-------+-------+-------+-------+-------
$ rib number 27
CQUAD4,5911,1,1590,4907,9405,1587
CQUAD4,5912,1,4907,3684,3677,9405
CQUAD4,5913,1,1587,9405,9406,1489
CQUAD4,5914,1,9405,3677,3583,9406
CQUAD4,5915,1,1489,9406,9407,1385
CQUAD4,5916,1,9406,3583,3475,9407
CQUAD4,5917,1,1385,9407,9408,1269
CQUAD4,5918,1,9407,3475,3359,9408
CQUAD4,5919,1,1269,9408,9409,1149
CQUAD4,5920,1,9408,3359,3235,9409
CQUAD4,5921,1,1149,9409,9410,917
CQUAD4,5922,1,9409,3235,3103,9410
CQUAD4,5923,1,917,9410,9411,761
CQUAD4,5924,1,9410,3103,2955,9411
CQUAD4,5925,1,761,9411,9412,629
CQUAD4,5926,1,9411,2955,2811,9412
CQUAD4,5927,1,629,9412,9413,473
CQUAD4,5928,1,9412,2811,2655,9413
CQUAD4,5929,1,473,9413,9414,299
CQUAD4,5930,1,9413,2655,2491,9414
CQUAD4,5931,1,299,9414,9415,71
CQUAD4,5932,1,9414,2491,2253,9415
CQUAD4,5933,1,71,9415,5146,72
CQUAD4,5934,1,9415,2253,2254,5146
$-------+-------+-------+-------+-------+-------+-------+-------+-------+-------
$ rib number 28
CQUAD4,5937,1,1488,4913,9416,1481
CQUAD4,5938,1,4913,3578,3575,9416
CQUAD4,5939,1,1481,9416,9417,1381
CQUAD4,5940,1,9416,3575,3471,9417
CQUAD4,5941,1,1381,9417,9418,1265
CQUAD4,5942,1,9417,3471,3355,9418
CQUAD4,5943,1,1265,9418,9419,1145
CQUAD4,5944,1,9418,3355,3231,9419
CQUAD4,5945,1,1145,9419,9420,913
CQUAD4,5946,1,9419,3231,3099,9420
CQUAD4,5947,1,913,9420,9421,757
CQUAD4,5948,1,9420,3099,2951,9421
CQUAD4,5949,1,757,9421,9422,625
CQUAD4,5950,1,9421,2951,2807,9422
CQUAD4,5951,1,625,9422,9423,469
CQUAD4,5952,1,9422,2807,2651,9423
CQUAD4,5953,1,469,9423,9424,309
CQUAD4,5954,1,9423,2651,2487,9424
CQUAD4,5955,1,309,9424,9425,67
CQUAD4,5956,1,9424,2487,2249,9425
CQUAD4,5957,1,67,9425,5152,68
CQUAD4,5958,1,9425,2249,2250,5152
$-------+-------+-------+-------+-------+-------+-------+-------+-------+-------
$ rib number 29
CQUAD4,5961,1,1486,4919,9426,1483
CQUAD4,5962,1,4919,3580,3573,9426
CQUAD4,5963,1,1483,9426,9427,1377
CQUAD4,5964,1,9426,3573,3467,9427
CQUAD4,5965,1,1377,9427,9428,1261
CQUAD4,5966,1,9427,3467,3351,9428
CQUAD4,5967,1,1261,9428,9429,1141
CQUAD4,5968,1,9428,3351,3227,9429
CQUAD4,5969,1,1141,9429,9430,909
CQUAD4,5970,1,9429,3227,3095,9430
CQUAD4,5971,1,909,9430,9431,753
CQUAD4,5972,1,9430,3095,2947,9431
CQUAD4,5973,1,753,9431,9432,621
CQUAD4,5974,1,9431,2947,2803,9432
CQUAD4,5975,1,621,9432,9433,465
CQUAD4,5976,1,9432,2803,2647,9433
CQUAD4,5977,1,465,9433,9434,305
CQUAD4,5978,1,9433,2647,2483,9434
CQUAD4,5979,1,305,9434,9435,63
CQUAD4,5980,1,9434,2483,2245,9435
CQUAD4,5981,1,63,9435,5158,64
CQUAD4,5982,1,9435,2245,2246,5158
$-------+-------+-------+-------+-------+-------+-------+-------+-------+-------
$ rib number 30
CQUAD4,5985,1,1376,4925,9436,1369
CQUAD4,5986,1,4925,3462,3459,9436
CQUAD4,5987,1,1369,9436,9437,1257
CQUAD4,5988,1,9436,3459,3347,9437
CQUAD4,5989,1,1257,9437,9438,1137
CQUAD4,5990,1,9437,3347,3223,9438
CQUAD4,5991,1,1137,9438,9439,905
CQUAD4,5992,1,9438,3223,3091,9439
CQUAD4,5993,1,905,9439,9440,749
CQUAD4,5994,1,9439,3091,2943,9440
CQUAD4,5995,1,749,9440,9441,617
CQUAD4,5996,1,9440,2943,2799,9441
CQUAD4,5997,1,617,9441,9442,461
CQUAD4,5998,1,9441,2799,2643,9442
CQUAD4,5999,1,461,9442,9443,293
CQUAD4,6000,1,9442,2643,2479,9443
CQUAD4,6001,1,293,9443,9444,59
CQUAD4,6002,1,9443,2479,2241,9444
CQUAD4,6003,1,59,9444,5164,60
CQUAD4,6004,1,9444,2241,2242,5164
$-------+-------+-------+-------+-------+-------+-------+-------+-------+-------
$ rib number 31
CQUAD4,6007,1,1374,4931,9445,1371
CQUAD4,6008,1,4931,3464,3457,9445
CQUAD4,6009,1,1371,9445,9446,1253
CQUAD4,6010,1,9445,3457,3343,9446
CQUAD4,6011,1,1253,9446,9447,1133
CQUAD4,6012,1,9446,3343,3219,9447
CQUAD4,6013,1,1133,9447,9448,901
CQUAD4,6014,1,9447,3219,3087,9448
CQUAD4,6015,1,901,9448,9449,745
CQUAD4,6016,1,9448,3087,2939,9449
CQUAD4,6017,1,745,9449,9450,613
CQUAD4,6018,1,9449,2939,2795,9450
CQUAD4,6019,1,613,9450,9451,457
CQUAD4,6020,1,9450,2795,2639,9451
CQUAD4,6021,1,457,9451,9452,289
CQUAD4,6022,1,9451,2639,2475,9452
CQUAD4,6023,1,289,9452,9453,55
CQUAD4,6024,1,9452,2475,2237,9453
CQUAD4,6025,1,55,9453,5170,56
CQUAD4,6026,1,9453,2237,2238,5170
$-------+-------+-------+-------+-------+-------+-------+-------+-------+-------
$ rib number 32
CQUAD4,6029,1,1288,4937,9454,1255
CQUAD4,6030,1,4937,3338,3335,9454
CQUAD4,6031,1,1255,9454,9455,1129
CQUAD4,6032,1,9454,3335,3215,9455
CQUAD4,6033,1,1129,9455,9456,897
CQUAD4,6034,1,9455,3215,3083,9456
CQUAD4,6035,1,897,9456,9457,747
CQUAD4,6036,1,9456,3083,2935,9457
CQUAD4,6037,1,747,9457,9458,609
CQUAD4,6038,1,9457,2935,2791,9458
CQUAD4,6039,1,609,9458,9459,453
CQUAD4,6040,1,9458,2791,2635,9459
CQUAD4,6041,1,453,9459,9460,291
CQUAD4,6042,1,9459,2635,2471,9460
CQUAD4,6043,1,291,9460,9461,51
CQUAD4,6044,1,9460,2471,2233,9461
CQUAD4,6045,1,51,9461,5176,52
CQUAD4,6046,1,9461,2233,2234,5176
$-------+-------+-------+-------+-------+-------+-------+-------+-------+-------
$ rib number 33
CQUAD4,6049,1,1286,4943,9462,1283
CQUAD4,6050,1,4943,3340,3333,9462
CQUAD4,6051,1,1283,9462,9463,1025
CQUAD4,6052,1,9462,3333,3211,9463
CQUAD4,6053,1,1025,9463,9464,893
CQUAD4,6054,1,9463,3211,3079,9464
CQUAD4,6055,1,893,9464,9465,741
CQUAD4,6056,1,9464,3079,2931,9465
CQUAD4,6057,1,741,9465,9466,605
CQUAD4,6058,1,9465,2931,2787,9466
CQUAD4,6059,1,605,9466,9467,449
CQUAD4,6060,1,9466,2787,2631,9467
CQUAD4,6061,1,449,9467,9468,285
CQUAD4,6062,1,9467,2631,2467,9468
CQUAD4,6063,1,285,9468,9469,47
CQUAD4,6064,1,9468,2467,2229,9469
CQUAD4,6065,1,47,9469,5182,48
CQUAD4,6066,1,9469,2229,2230,5182
$-------+-------+-------+-------+-------+-------+-------+-------+-------+-------
$ rib number 34
CQUAD4,6069,1,1024,4949,9470,1017
CQUAD4,6070,1,4949,3206,3203,9470
CQUAD4,6071,1,1017,9470,9471,889
CQUAD4,6072,1,9470,3203,3075,9471
CQUAD4,6073,1,889,9471,9472,737
CQUAD4,6074,1,9471,3075,2927,9472
CQUAD4,6075,1,737,9472,9473,601
CQUAD4,6076,1,9472,2927,2783,9473
CQUAD4,6077,1,601,9473,9474,445
CQUAD4,6078,1,9473,2783,2627,9474
CQUAD4,6079,1,445,9474,9475,281
CQUAD4,6080,1,9474,2627,2463,9475
CQUAD4,6081,1,281,9475,9476,43
CQUAD4,6082,1,9475,2463,2225,9476
CQUAD4,6083,1,43,9476,5188,44
CQUAD4,6084,1,9476,2225,2226,5188
$-------+-------+-------+-------+-------+-------+-------+-------+-------+-------
$ rib number 35
CQUAD4,6087,1,1022,4955,9477,1019
CQUAD4,6088,1,4955,3208,3201,9477
CQUAD4,6089,1,1019,9477,9478,885
CQUAD4,6090,1,9477,3201,3071,9478
CQUAD4,6091,1,885,9478,9479,733
CQUAD4,6092,1,9478,3071,2923,9479
CQUAD4,6093,1,733,9479,9480,597
CQUAD4,6094,1,9479,2923,2779,9480
CQUAD4,6095,1,597,9480,9481,441
CQUAD4,6096,1,9480,2779,2623,9481
CQUAD4,6097,1,441,9481,9482,277
CQUAD4,6098,1,9481,2623,2459,9482
CQUAD4,6099,1,277,9482,9483,39
CQUAD4,6100,1,9482,2459,2221,9483
CQUAD4,6101,1,39,9483,5194,40
CQUAD4,6102,1,9483,2221,2222,5194
$-------+-------+-------+-------+-------+-------+-------+-------+-------+-------
$ rib number 36
CQUAD4,6105,1,4388,4961,9484,881
CQUAD4,6106,1,4961,3066,3063,9484
CQUAD4,6107,1,881,9484,9485,735
CQUAD4,6108,1,9484,3063,2919,9485
CQUAD4,6109,1,735,9485,9486,593
CQUAD4,6110,1,9485,2919,2775,9486
CQUAD4,6111,1,593,9486,9487,437
CQUAD4,6112,1,9486,2775,2619,9487
CQUAD4,6113,1,437,9487,9488,273
CQUAD4,6114,1,9487,2619,2455,9488
CQUAD4,6115,1,273,9488,9489,35
CQUAD4,6116,1,9488,2455,2217,9489
CQUAD4,6117,1,35,9489,5200,36
CQUAD4,6118,1,9489,2217,2218,5200
$-------+-------+-------+-------+-------+-------+-------+-------+-------+-------
$ rib number 37
CQUAD4,6121,1,880,4967,9490,873
CQUAD4,6122,1,4967,3058,3055,9490
CQUAD4,6123,1,873,9490,9491,729
CQUAD4,6124,1,9490,3055,2915,9491
CQUAD4,6125,1,729,9491,9492,589
CQUAD4,6126,1,9491,2915,2771,9492
CQUAD4,6127,1,589,9492,9493,433
CQUAD4,6128,1,9492,2771,2615,9493
CQUAD4,6129,1,433,9493,9494,269
CQUAD4,6130,1,9493,2615,2451,9494
CQUAD4,6131,1,269,9494,9495,31
CQUAD4,6132,1,9494,2451,2213,9495
CQUAD4,6133,1,31,9495,5206,32
CQUAD4,6134,1,9495,2213,2214,5206
$-------+-------+-------+-------+-------+-------+-------+-------+-------+-------
$ rib number 38
CQUAD4,6137,1,878,4973,9496,875
CQUAD4,6138,1,4973,3060,3053,9496
CQUAD4,6139,1,875,9496,9497,725
CQUAD4,6140,1,9496,3053,2911,9497
CQUAD4,6141,1,725,9497,9498,585
CQUAD4,6142,1,9497,2911,2767,9498
CQUAD4,6143,1,585,9498,9499,429
CQUAD4,6144,1,9498,2767,2611,9499
CQUAD4,6145,1,429,9499,9500,265
CQUAD4,6146,1,9499,2611,2447,9500
CQUAD4,6147,1,265,9500,9501,27
CQUAD4,6148,1,9500,2447,2209,9501
CQUAD4,6149,1,27,9501,5212,28
CQUAD4,6150,1,9501,2209,2210,5212
$-------+-------+-------+-------+-------+-------+-------+-------+-------+-------
$ rib number 39
CQUAD4,6153,1,724,4979,9502,717
CQUAD4,6154,1,4979,2906,2903,9502
CQUAD4,6155,1,717,9502,9503,581
CQUAD4,6156,1,9502,2903,2763,9503
CQUAD4,6157,1,581,9503,9504,425
CQUAD4,6158,1,9503,2763,2607,9504
CQUAD4,6159,1,425,9504,9505,261
CQUAD4,6160,1,9504,2607,2443,9505
CQUAD4,6161,1,261,9505,9506,23
CQUAD4,6162,1,9505,2443,2205,9506
CQUAD4,6163,1,23,9506,5218,24
CQUAD4,6164,1,9506,2205,2206,5218
$-------+-------+-------+-------+-------+-------+-------+-------+-------+-------
$ rib number 40
CQUAD4,6167,1,722,4985,9507,719
CQUAD4,6168,1,4985,2908,2901,9507
CQUAD4,6169,1,719,9507,9508,577
CQUAD4,6170,1,9507,2901,2759,9508
CQUAD4,6171,1,577,9508,9509,421
CQUAD4,6172,1,9508,2759,2603,9509
CQUAD4,6173,1,421,9509,9510,257
CQUAD4,6174,1,9509,2603,2439,9510
CQUAD4,6175,1,257,9510,9511,19
CQUAD4,6176,1,9510,2439,2201,9511
CQUAD4,6177,1,19,9511,5224,20
CQUAD4,6178,1,9511,2201,2202,5224
$-------+-------+-------+-------+-------+-------+-------+-------+-------+-------
$ rib number 41
CQUAD4,6181,1,576,4991,9512,569
CQUAD4,6182,1,4991,2754,2751,9512
CQUAD4,6183,1,569,9512,9513,417
CQUAD4,6184,1,9512,2751,2599,9513
CQUAD4,6185,1,417,9513,9514,253
CQUAD4,6186,1,9513,2599,2435,9514
CQUAD4,6187,1,253,9514,9515,15
CQUAD4,6188,1,9514,2435,2197,9515
CQUAD4,6189,1,15,9515,5230,16
CQUAD4,6190,1,9515,2197,2198,5230
$-------+-------+-------+-------+-------+-------+-------+-------+-------+-------
$ rib number 42
CQUAD4,6193,1,574,4997,9516,571
CQUAD4,6194,1,4997,2756,2749,9516
CQUAD4,6195,1,571,9516,9517,413
CQUAD4,6196,1,9516,2749,2595,9517
CQUAD4,6197,1,413,9517,9518,249
CQUAD4,6198,1,9517,2595,2431,9518
CQUAD4,6199,1,249,9518,9519,11
CQUAD4,6200,1,9518,2431,2193,9519
CQUAD4,6201,1,11,9519,5236,12
CQUAD4,6202,1,9519,2193,2194,5236
$-------+-------+-------+-------+-------+-------+-------+-------+-------+-------
$ rib number 43
CQUAD4,6205,1,412,5003,9520,405
CQUAD4,6206,1,5003,2590,2587,9520
CQUAD4,6207,1,405,9520,9521,245
CQUAD4,6208,1,9520,2587,2427,9521
CQUAD4,6209,1,245,9521,9522,7
CQUAD4,6210,1,9521,2427,2189,9522
CQUAD4,6211,1,7,9522,5242,8
CQUAD4,6212,1,9522,2189,2190,5242
$-------+-------+-------+-------+-------+-------+-------+-------+-------+-------
$ rib number 44
CQUAD4,6215,1,5271,5280,9523,5267
CQUAD4,6216,1,5280,5279,5276,9523
CQUAD4,6217,1,5267,9523,9524,5253
CQUAD4,6218,1,9523,5276,5275,9524
CQUAD4,6219,1,5253,9524,9525,5249
CQUAD4,6220,1,9524,5275,5264,9525
CQUAD4,6221,1,5249,9525,5287,5289
CQUAD4,6222,1,9525,5264,5285,5287
$-------+-------+-------+-------+-------+-------+-------+-------+-------+-------
$ rib number 45
CQUAD4,6225,1,5265,5283,9526,5255
CQUAD4,6226,1,5283,5272,5261,9526
CQUAD4,6227,1,5255,9526,9527,5251
CQUAD4,6228,1,9526,5261,5257,9527
CQUAD4,6229,1,5251,9527,5288,5252
CQUAD4,6230,1,9527,5257,5258,5288


