  7.1532089e-010  3.0522624e-010
  9.9970664e-001 -1.2763269e-018
 -1.8277937e-020  9.9919131e-001
 -1.0037810e-009 -2.2257013e-011
 -2.3431000e-016 -3.3393613e-015
  2.8486778e-011 -1.7774914e-010
  4.9136620e-003  3.8280776e-019
  1.5418817e-016 -9.0933281e-003
 -8.9185482e-003 -1.6933653e-016
  5.5480998e-021  1.7586999e-003
  1.6994857e-010  5.2946517e-013
  5.5256799e-017  2.8916479e-016
 -2.4848616e-011  4.4930935e-012
  2.2394291e-017 -4.9995964e-017
  9.3365049e-013  2.0715901e-011
 -4.4566342e-005 -2.9892900e-020
 -2.6706808e-017 -4.1336603e-005
  1.1704895e-004  1.5103426e-017
 -6.3651373e-018  4.4936814e-005
  2.5856298e-005  1.1465612e-017
 -5.6738562e-022  8.1883255e-006
 -8.8035578e-012  5.8428849e-015
 -2.3310980e-018 -1.2769387e-017
  2.5607774e-012 -1.3632172e-013
 -3.3662845e-018  3.1142168e-018
 -1.9837747e-013 -1.1399691e-013
 -6.5892469e-019  8.6008278e-019
 -3.1785798e-014 -9.0937470e-013
  5.8147986e-006  9.5278328e-022
  1.2244864e-018  6.5337812e-006
 -2.4336390e-006 -3.8528296e-019
  3.2245549e-019 -3.7753913e-006
 -1.5454850e-006 -6.9394244e-019
  4.1274638e-019  1.1957222e-007
 -5.6068795e-008 -2.4099113e-019
  2.3371230e-023  7.4551338e-008
  1.7204859e-013 -2.4619666e-016
  3.0414266e-020  2.2387515e-019
 -7.4405113e-014  1.1801345e-015
  8.2318394e-020 -5.1668932e-020
  1.2057311e-014  3.0418040e-015
  5.0239513e-020 -4.1145835e-020
 -2.2136537e-015  3.1004944e-016
  8.8806495e-021 -1.7914615e-021
  9.8520218e-016  1.6584717e-014
 -1.4006761e-007 -1.3214502e-023
 -1.8399332e-020 -1.4909458e-007
  6.9019536e-008  1.6117821e-021
 -1.5938399e-020  9.7558219e-008
  6.3450352e-009  1.7909681e-020
  1.1338746e-021 -1.4222086e-008
  6.8699966e-009  5.3638268e-021
 -1.0293571e-020 -3.5547269e-010
 -1.8659191e-010  1.3675063e-021
 -3.7214910e-025 -7.8801409e-010
 -1.1179663e-015  1.6781012e-018
 -1.0456135e-022 -1.2622873e-021
  6.1717493e-016 -2.7664444e-018
 -5.1836895e-022  2.0303745e-022
 -1.0493001e-016 -1.3718970e-017
 -5.6319105e-022  5.0288295e-022
 -2.5261228e-017 -1.7294288e-017
 -2.2412855e-022  8.5891219e-024
  2.8170871e-017  7.0681335e-018
 -4.9678132e-023  1.2401988e-024
 -8.7751921e-018 -1.0590339e-016
  1.2912800e-009  6.6498218e-026
  8.3299768e-023  1.1332291e-009
 -9.0152874e-010  2.1935008e-023
  1.6714976e-022 -9.1202411e-010
  2.7828010e-010 -1.6405481e-022
 -2.2471100e-023  2.1507854e-010
 -1.5478050e-010  9.7818815e-024
  2.1396684e-023  5.3043837e-011
  1.2878060e-011 -6.3358744e-023
  7.1460966e-023 -7.7155636e-011
 -5.1841651e-013  1.5869437e-023
  2.0865393e-027  3.3962612e-011
