   7.1780874e-09   2.4662028e-09
   9.9978100e-01   1.0085874e-21
   7.0347739e-20   9.9990804e-01
  -9.6057238e-09  -1.0518221e-10
   9.7278946e-17  -6.9843508e-16
   1.3835244e-10  -8.1577320e-10
   2.3467621e-03  -1.5328373e-21
  -1.3878891e-16  -3.4057920e-03
  -6.8714342e-03   2.1802640e-16
  -1.1481071e-20   1.1268659e-03
   1.2320615e-09   1.9749845e-12
  -1.0927787e-17   6.7490441e-17
  -1.2703522e-10   1.3119240e-11
  -6.7522121e-18   4.6368822e-17
   6.7595383e-12   5.0705746e-11
   1.0571265e-05   8.9928792e-23
   8.0373598e-18   1.3158408e-05
   2.1070089e-05  -1.1163146e-17
   5.7692789e-18   1.2917402e-05
   1.8732177e-05  -1.0656092e-17
   5.2025899e-22   2.5838362e-06
  -4.5835995e-11  -6.9312919e-15
   3.9447915e-19  -2.2120609e-18
   1.0363007e-11  -2.0924181e-13
   2.9783496e-19  -1.8175609e-18
  -8.0086235e-13  -2.6102762e-13
   1.2679443e-19  -8.1317099e-19
  -1.4412091e-13  -1.1682112e-12
   1.6489623e-08  -2.0885265e-24
  -1.7552659e-19   5.7594022e-08
  -9.2798381e-08   2.6008188e-19
  -1.7826078e-19  -2.8612138e-07
  -3.8442715e-07   2.6752752e-19
  -8.1203060e-20  -3.6024024e-08
  -2.7042176e-08   1.6877628e-19
  -9.6792157e-24   3.5080382e-08
   6.2977261e-13  -6.9949043e-17
  -6.2420702e-21   2.4535037e-20
  -2.3069157e-13   9.6097071e-16
  -2.5961893e-21   2.2814670e-20
   4.6688484e-14   3.0765298e-15
  -3.0983878e-21   1.4860412e-20
  -7.3107198e-15   1.5087733e-15
  -9.7479132e-22   5.9524823e-21
   2.0084483e-15   1.1196982e-14
   1.2204431e-10   2.1473373e-26
   1.6354534e-21  -1.1782721e-09
  -1.3837166e-10  -2.8596018e-21
   1.7771896e-21   1.6317829e-09
   1.5547987e-09  -2.0452486e-21
   1.5390156e-21   5.7814027e-10
   1.4357087e-09  -2.7186540e-21
   4.3366492e-22   3.8858465e-10
  -1.2113463e-10  -1.0640295e-21
   7.8982557e-26  -4.2889110e-10
  -2.8457200e-15   4.1387317e-19
   3.5294656e-23  -9.1397233e-23
   1.4247279e-15  -1.0578813e-18
   2.0175880e-26  -9.9321086e-23
  -4.2083142e-16  -7.0844016e-18
   1.6740434e-23  -5.6229011e-23
   7.1190683e-17  -1.1798766e-17
   9.0973850e-24  -5.2152391e-23
   4.7490598e-18  -1.5333897e-18
   2.7558588e-24  -1.3518164e-23
  -6.8745012e-18  -3.7735809e-17
   6.5879680e-12  -7.9888956e-29
  -5.4095426e-24   9.6657754e-12
  -1.4788735e-11   1.1538789e-23
  -6.1680213e-24  -1.3239745e-11
   1.3591845e-11   4.7399792e-24
  -6.0819329e-24   2.8001545e-12
  -1.2952612e-11   1.0496744e-23
  -4.4446306e-24   1.2144668e-12
   3.3881735e-13   7.6412588e-24
  -6.7992527e-25  -5.1281795e-12
   3.0789411e-13   2.4660919e-24
  -2.3464221e-28   3.4011097e-12
