  1.7116152e-010 -1.1010014e-012
  9.9981896e-001 -3.3869839e-020
  5.1086729e-019  9.9998031e-001
 -3.0574091e-009 -9.2388442e-013
  6.9439070e-016 -2.7867381e-015
  1.3873094e-010  1.1828223e-013
  1.4813145e-002  6.5399765e-020
 -2.6063740e-016 -1.8761383e-003
 -4.6476482e-002 -1.1215956e-016
 -7.8749118e-019  1.7026705e-003
  2.5588782e-009  3.6447343e-013
 -5.4527592e-016  9.2495653e-016
 -3.4025518e-010 -1.0463118e-012
 -2.0490619e-016  5.8475314e-017
 -6.2340140e-011  3.1232017e-012
  6.9911847e-005 -1.9610259e-020
  1.6932173e-016 -8.2798959e-005
  5.4283944e-004  3.8212881e-017
  4.5191903e-017  1.8508506e-004
  6.9333277e-004  5.1563016e-018
  2.9986578e-019  2.4476120e-006
 -5.7803159e-010 -3.4895742e-014
  9.2892076e-017 -1.1926631e-016
  2.0826962e-010 -1.2869747e-013
  7.4900459e-017 -5.7886175e-018
 -3.4931015e-011  7.7582427e-013
  2.4992477e-017 -9.3885692e-018
  1.9428470e-011 -1.2094938e-012
  7.1905961e-005  2.3417536e-021
 -2.5915274e-017  1.1033705e-005
 -3.0906081e-005 -1.7003996e-018
 -2.1380358e-017 -1.5226178e-006
 -8.7354619e-005 -4.1281507e-019
 -5.9371505e-018 -6.4362921e-006
 -3.5865581e-005 -1.5932458e-018
 -4.5945129e-020 -1.6718487e-006
  4.6958873e-011  1.5288658e-015
 -5.4006132e-018  6.4325229e-018
 -3.1209746e-011  6.4248162e-016
 -7.4948500e-018 -1.1831341e-018
  1.1634499e-011  3.0108481e-014
 -2.9978840e-018  2.7974840e-018
 -3.5927123e-013 -1.2667360e-013
 -1.6039828e-018 -1.7396498e-019
 -2.0322773e-012  1.3904270e-013
 -6.4336535e-006 -1.2145223e-022
  1.4005993e-018 -1.1443108e-006
  4.4185762e-006 -9.3279300e-020
  1.7620850e-018  7.6481531e-007
  1.5762080e-006  1.2684400e-019
  1.5438484e-018 -4.4927784e-008
  1.2027304e-006 -2.4263886e-019
  2.6606469e-019 -1.1325422e-007
  2.5058081e-006  1.5445044e-019
  3.0739003e-021  2.0672383e-007
 -1.2365635e-012 -1.2807495e-017
  1.0222667e-019 -1.1867233e-019
  1.2535751e-012 -1.8349419e-016
  1.8941799e-019  5.3612979e-020
 -9.0768095e-013  4.7297903e-016
  1.5684509e-019 -4.4213170e-020
  5.1274436e-013 -2.0642779e-015
  2.7333962e-020 -9.6998520e-020
 -2.4898337e-013  5.6834650e-015
  4.2109204e-020  3.3097496e-020
  8.5852196e-014 -4.8986932e-015
  2.6932398e-007  2.2811992e-024
 -2.2361158e-020  3.4691112e-008
 -4.1519506e-007  3.1289917e-021
 -4.6040397e-020 -6.2246348e-008
  4.3071566e-007  2.7005265e-021
 -4.5370442e-020  9.0915272e-008
 -4.2531424e-007  3.3459934e-021
 -3.6465979e-020 -8.1526216e-008
  1.4612414e-007  1.0653643e-021
 -3.3686289e-021  3.6496501e-008
 -8.0280821e-008 -8.6273188e-022
 -7.4802738e-023 -9.2498592e-009
