  6.0283572e-011 -1.4746400e-011
  9.9703094e-001 -6.8992992e-018
 -2.1073301e-017  9.9888225e-001
 -7.3168012e-010 -1.1357225e-011
 -2.3023351e-015  5.8322430e-015
 -2.8650587e-011  1.7759292e-010
  1.1128317e-001  2.5286065e-017
  2.4073985e-015 -2.3452844e-001
 -4.2799874e-002  4.8671232e-015
  8.9480258e-017  2.8787066e-002
  1.4047025e-009  1.6616336e-011
  2.1501728e-015 -7.4797346e-015
 -7.3960889e-011 -1.0331388e-012
  4.0910361e-015 -3.5930935e-015
  8.5276344e-011 -3.0544851e-010
 -9.1438566e-002 -2.7850671e-017
 -4.6540186e-015  1.9683424e-002
  1.4168598e-002 -4.3361252e-015
  3.4286959e-016 -1.5749116e-002
  7.3198594e-004 -3.9480002e-015
 -1.1085171e-016  3.6071423e-003
 -9.0579615e-010 -9.3252192e-012
 -5.5798914e-016  4.2779535e-015
  5.7980576e-011 -2.0631095e-012
 -1.8010769e-015  1.9866023e-015
  2.9752485e-011  1.3486745e-011
 -2.5457259e-015  1.1080564e-015
 -6.5755488e-011  1.7831751e-010
  7.7971122e-002  1.2703456e-017
  1.5049422e-015  6.8059540e-003
 -3.5062480e-003  1.5093566e-015
  2.5729529e-015  6.2789512e-003
 -6.5412218e-004  2.2975414e-015
 -1.3814367e-015 -3.4910029e-003
 -2.9096604e-004  6.8481168e-016
  5.6298961e-017 -1.1839495e-005
  2.3188109e-010  2.2330031e-012
 -9.2312010e-017 -1.0364180e-015
 -1.8253840e-011 -1.1482680e-012
  4.8276888e-016 -3.6168975e-016
 -5.4246466e-014  4.2150416e-012
  3.6761151e-016 -4.5417517e-016
 -1.3868261e-011 -1.0117027e-011
  6.8481879e-016 -1.3220821e-016
  1.9784975e-011 -4.1638160e-011
 -2.3615629e-002 -2.5538291e-018
 -4.6764299e-017 -2.7130123e-003
  6.7417045e-004 -2.6568745e-016
 -8.3875443e-016 -1.9076910e-003
  2.0975096e-004 -2.6584587e-016
 -2.3699575e-016  1.8417075e-003
 -2.5679876e-005 -5.6437756e-016
  4.2209333e-016 -4.7559604e-004
  9.8545975e-005  1.2801874e-016
 -1.2516103e-017  4.6782459e-005
 -2.0339162e-011 -1.8239305e-013
  2.2243133e-017  8.9772423e-017
  1.2081882e-012  6.9348385e-014
 -1.6694002e-017  1.7827564e-017
  1.8879926e-012  1.1258041e-013
 -6.1899816e-017  5.6058707e-017
 -1.8633142e-012 -8.1184413e-013
 -1.8308559e-017  1.2130561e-017
  2.3867056e-012  1.6640239e-012
 -6.5941313e-017  9.3045367e-018
 -2.0323185e-012  3.3575231e-012
  2.6132688e-003  1.8695489e-019
 -1.7103067e-017  2.7923928e-004
 -7.5681938e-005  1.9159463e-017
  6.2817134e-017  2.2511416e-004
 -1.4477832e-006  2.9020503e-018
  6.4598283e-017 -3.1388573e-004
 -2.5647173e-005  4.4097568e-017
 -1.1960941e-017  2.0033333e-004
  1.8520462e-005  3.2299728e-017
 -3.4900848e-017 -1.0118948e-004
 -1.3215879e-005 -2.6520113e-017
  1.0111909e-018  3.0982653e-005
