   6.7124921e-10   8.0677531e-10
   9.9991555e-01  -1.9970107e-20
   9.3476356e-21   9.9997812e-01
  -1.1758050e-09  -2.1445998e-12
  -6.8912839e-16  -1.2697800e-15
   2.6783375e-11  -8.3152580e-10
   3.7879863e-03   4.0095287e-21
   6.4402217e-16  -4.1265279e-03
  -1.1787873e-02  -3.2966043e-16
  -6.1362672e-21   1.5806163e-03
   2.5798732e-10  -5.5052365e-13
   1.5480220e-16   2.8043523e-17
  -3.0353812e-11   2.1249404e-12
   8.1469794e-17  -1.6870462e-16
   8.8606040e-14   1.3763997e-10
   1.7599040e-05  -3.7938569e-22
  -7.6577634e-17   3.0783619e-05
   5.8906357e-05   3.3954572e-17
  -4.9583380e-17   2.8399100e-05
   5.2725752e-05   3.8476542e-17
   7.0658958e-22   5.7985305e-06
  -1.7520469e-11   3.9993176e-14
  -7.5127023e-18  -1.7879605e-18
   4.6342591e-12  -8.2233731e-14
  -9.0275992e-18   8.5848058e-18
  -4.9881861e-13  -4.4768244e-14
  -3.5333555e-18   9.1548256e-18
   4.5098693e-14  -7.9253737e-12
   4.2330347e-07   1.5248804e-23
   3.3208719e-18  -1.9182035e-08
  -5.9032132e-07  -1.4093641e-18
   3.2669349e-18  -1.0576467e-06
  -1.9777164e-06  -2.0779956e-18
   1.7337286e-18  -5.0452941e-08
  -1.0052028e-07  -1.6951002e-18
  -3.2205545e-23   1.9830797e-08
   4.5119332e-13  -8.5119483e-16
   1.3321726e-19   5.8396883e-20
  -1.9479854e-13   1.5226232e-16
   2.5265159e-19  -1.4633690e-19
   4.5866132e-14   4.1428829e-15
   1.6452516e-19  -2.4770210e-19
  -4.9468096e-15  -2.1940323e-15
   6.8086618e-20  -1.8606622e-19
  -9.4574397e-16   1.8479049e-13
  -4.4539453e-09  -2.6997418e-25
  -6.4193772e-20  -4.6633930e-10
  -2.7147452e-09   2.6570451e-20
  -6.8635782e-20   7.0468918e-09
   2.0293955e-08   4.0659034e-20
  -5.5261439e-20   7.5365519e-09
   1.4517756e-08   4.6217341e-20
  -3.1007059e-20  -1.1355284e-09
  -3.0551351e-09   3.1637641e-20
   6.3653494e-25   3.6146026e-10
  -3.8743420e-15   6.0813566e-18
  -8.9742538e-22  -4.2375075e-22
   2.3218540e-15   2.0807607e-18
  -1.6561758e-21   6.7972352e-22
  -8.7020274e-16  -8.4123335e-18
  -2.2866938e-21   2.3494310e-21
   2.4445676e-16  -4.8991308e-17
  -9.3013800e-22   1.5198791e-21
  -6.0143314e-17   4.6983587e-17
  -4.8699034e-22   1.4470306e-21
   1.4503260e-17  -1.4969065e-15
   7.0744465e-11   1.7297066e-27
   4.6572055e-22   3.5754399e-11
  -7.6707358e-11  -1.8283847e-22
   4.2928711e-22  -9.2078216e-11
   8.1607476e-11  -2.9002538e-22
   5.6071384e-22   1.1017233e-12
  -2.2125732e-10  -3.3746291e-22
   2.9075073e-22  -1.1578702e-11
  -2.3862241e-13  -3.5435460e-22
   2.2893909e-22  -6.1961086e-12
   2.3064586e-11  -2.0978993e-22
  -4.5704626e-27   3.2243597e-12
